address,partner,date,rcv_packet_count,snd_packet_count,tcp_count,udp_count,most_port,port_count,rcv_max_int,rcv_min_int,rcv_max_len,rcv_min_len,snd_max_int,snd_min_int,snd_max_len,snd_min_len,label
223.159.33.34,192.168.10.5,202208161959,2,1,3,0,23,1,0.212709,0.212709,44,40,-10000,-10000,44,44,1
14.17.114.113,192.168.10.5,202208161959,4,3,7,0,3389,1,0.251699,0.00329,83,40,0.216504,0.033303,59,40,1
89.248.165.204,192.168.10.5,202208161959,3,1,4,0,33607,1,0.232974,0.002395,44,40,-10000,-10000,44,44,1
103.133.120.4,192.168.10.5,202208161959,12,15,27,0,22,1,1.187156,0.0,492,52,0.974095,0.000394,676,52,1
51.79.250.5,192.168.10.5,202208161959,4,3,7,0,3389,1,0.113163,0.0,83,40,0.081022,0.024961,59,40,1
152.89.196.25,192.168.10.5,202208161959,5,4,9,0,5741,1,1.24486,0.000294,87,40,1.007498,0.000241,52,40,1
194.26.29.169,192.168.10.5,202208161959,3,1,4,0,3026,1,0.286838,0.072436,44,40,-10000,-10000,44,44,1
185.149.40.210,192.168.10.5,202208161959,54,42,96,0,53309,1,1.302662,0.0,61,40,1.212964,0.0,60,44,1
74.91.122.81,192.168.10.5,202208161959,1,6,7,0,80,1,-10000,-10000,64,64,16.239293,1.013134,60,60,1
124.234.218.120,192.168.10.5,202208161959,7,4,11,0,23,1,40.902199,0.191538,60,40,41.139986,0.242614,60,44,1
5.188.206.50,192.168.10.5,202208162000,5,4,9,0,50809,1,1.290484,0.0,99,40,1.00865,9e-05,60,52,1
167.94.146.68,192.168.10.5,202208162000,2,1,3,0,5902,1,0.244857,0.244857,44,40,-10000,-10000,44,44,1
167.94.146.58,192.168.10.5,202208162000,13,10,23,0,5902,1,1.288049,0.0,295,52,1.276288,0.0,60,52,1
167.248.133.140,192.168.10.5,202208162000,2,1,3,0,2083,1,0.14507,0.14507,44,40,-10000,-10000,44,44,1
167.248.133.60,192.168.10.5,202208162000,13,9,22,0,2083,1,1.156752,0.000238,295,52,1.148308,0.0,60,52,1
162.142.125.160,192.168.10.5,202208162000,2,1,3,0,2083,1,0.153409,0.153409,60,40,-10000,-10000,60,60,1
20.40.81.0,192.168.10.5,202208162000,14,15,29,0,22,1,1.14538,0.0,492,52,0.976813,0.0004,676,52,1
194.26.29.195,192.168.10.5,202208162000,3,1,4,0,40001,1,0.279701,0.008335,44,40,-10000,-10000,44,44,1
37.139.129.43,192.168.10.5,202208162000,8,9,17,0,25,1,0.251408,0.0,52,40,0.251047,0.00045,112,40,1
177.200.1.51,192.168.10.5,202208162000,14,14,28,0,22,1,1.324783,0.0,492,52,0.973737,0.000748,676,52,1
159.203.69.233,192.168.10.5,202208162000,12,14,26,0,22,1,1.174915,0.000259,700,52,0.977235,0.00075,900,52,1
212.192.246.198,192.168.10.5,202208162000,8,9,17,0,25,1,0.262734,0.001458,52,40,0.26238,0.000349,112,40,1
180.76.231.168,192.168.10.5,202208162000,6,5,11,0,6379,1,0.470399,0.002398,66,52,0.347891,0.202767,64,52,1
74.116.0.115,192.168.10.5,202208162001,2,0,0,2,5060,1,0.0,0.0,990,551,-10000,-10000,-10000,-10000,1
14.17.114.113,192.168.10.5,202208162001,4,3,7,0,3389,1,0.288097,0.001495,83,40,0.216904,0.070188,59,40,1
89.248.163.140,192.168.10.5,202208162001,3,1,4,0,32564,1,0.233233,0.008031,44,40,-10000,-10000,44,44,1
46.161.27.47,192.168.10.5,202208162001,3,1,4,0,50001,1,0.233227,0.015477,44,40,-10000,-10000,44,44,1
45.227.254.52,192.168.10.5,202208162001,18,17,35,0,3389,1,0.304513,0.000249,82,40,0.291096,4.5e-05,59,40,1
138.99.216.196,192.168.10.5,202208162001,3,1,4,0,33427,1,0.223442,0.007132,44,40,-10000,-10000,44,44,1
51.79.250.5,192.168.10.5,202208162001,4,3,7,0,3389,1,0.127802,0.000898,83,40,0.092252,0.034449,59,40,1
206.72.204.220,192.168.10.5,202208162002,3,1,4,0,4200,1,0.165038,0.016674,44,40,-10000,-10000,44,44,1
147.182.132.144,192.168.10.5,202208162002,1,0,0,1,9034,1,-10000,-10000,146,146,-10000,-10000,-10000,-10000,1
20.40.81.0,192.168.10.5,202208162002,14,15,29,0,22,1,1.145714,0.0,492,52,0.977301,0.000344,676,52,1
206.189.25.255,192.168.10.5,202208162002,1,0,0,1,5060,1,-10000,-10000,90,90,-10000,-10000,-10000,-10000,1
185.7.214.117,192.168.10.5,202208162002,9,6,15,0,80,1,4.408027,0.0,663,52,4.693961,0.000106,7009,52,1
192.241.220.151,192.168.10.5,202208162001,5,8,13,0,2404,1,67.106163,0.122409,60,44,35.287673,1.015215,60,44,1
91.240.118.222,192.168.10.5,202208162002,4,2,6,0,23,1,1.748646,0.293977,52,40,0.296512,0.296512,52,47,1
178.128.125.217,192.168.10.5,202208162002,12,15,27,0,22,1,1.106081,0.0,492,52,0.979238,4.9e-05,676,52,1
5.188.206.50,192.168.10.5,202208162001,10,8,18,0,50223,2,54.509023,0.0,99,40,54.797605,4.4e-05,60,52,1
92.255.85.40,192.168.10.5,202208162002,11,8,19,0,3390,1,1.329476,1e-06,84,40,1.007529,0.0,52,40,1
89.248.165.199,192.168.10.5,202208162003,3,1,4,0,5432,1,0.229425,0.007101,44,40,-10000,-10000,44,44,1
91.240.118.41,192.168.10.5,202208162003,3,1,4,0,12347,1,0.305065,0.005034,44,40,-10000,-10000,44,44,1
220.132.171.142,192.168.10.5,202208162003,2,1,3,0,23,1,0.050925,0.050925,44,40,-10000,-10000,44,44,1
2.57.122.225,192.168.10.5,202208162003,8,6,14,0,9480,1,1.288679,0.0,162,40,1.007378,0.0,60,44,1
37.139.129.43,192.168.10.5,202208162003,8,9,17,0,25,1,0.257094,0.034543,52,40,0.287535,0.000497,112,40,1
14.17.114.113,192.168.10.5,202208162003,4,3,7,0,3389,1,0.225577,0.001794,83,40,0.207869,0.01811,59,40,1
51.38.75.3,192.168.10.5,202208162003,4,3,7,0,3389,1,0.297292,0.000599,83,40,0.236511,0.057375,59,40,1
92.204.145.11,192.168.10.5,202208162003,1,0,0,1,5060,1,-10000,-10000,445,445,-10000,-10000,-10000,-10000,1
116.58.22.218,192.168.10.5,202208162003,4,3,7,0,3389,1,0.232627,0.002097,83,40,0.186559,0.045727,59,40,1
177.200.1.51,192.168.10.5,202208162003,14,15,29,0,22,1,1.32263,0.0,492,52,0.977235,0.000649,676,52,1
134.209.167.155,192.168.10.5,202208162003,53,41,94,0,53309,1,1.177056,0.0,61,40,1.131439,0.0,60,44,1
89.248.165.71,192.168.10.5,202208162003,3,1,4,0,35462,1,0.22818,0.04528,44,40,-10000,-10000,44,44,1
211.195.110.92,192.168.10.5,202208162004,4,4,8,0,5904,1,1.052982,0.000297,52,40,1.052636,0.000146,52,40,1
182.31.160.91,192.168.10.5,202208162004,1,0,1,0,23,1,-10000,-10000,44,44,-10000,-10000,-10000,-10000,1
51.79.250.5,192.168.10.5,202208162004,4,4,8,0,3389,1,0.115572,0.000295,83,40,0.09375,0.000199,59,40,1
160.242.78.136,192.168.10.5,202208162004,6,4,10,0,3391,1,9.830506,0.167138,52,40,10.260767,0.0,52,40,1
61.145.9.92,192.168.10.5,202208162003,1,6,7,0,5555,1,-10000,-10000,44,44,16.23935,1.032125,44,44,1
194.26.29.37,192.168.10.5,202208162004,3,1,4,0,7011,1,0.27257,0.019065,44,40,-10000,-10000,44,44,1
78.108.177.51,192.168.10.5,202208162004,4,4,8,0,8080,1,1.377199,0.0003,48,48,1.306757,0.0001,48,40,1
212.192.246.198,192.168.10.5,202208162004,8,9,17,0,25,1,0.264813,0.001456,52,40,0.264422,0.000448,112,40,1
94.228.120.251,192.168.10.5,202208162004,11,11,22,0,5432,1,0.274969,0.0,93,52,0.278405,0.0,103,52,1
177.200.1.51,192.168.10.5,202208162005,14,15,29,0,22,1,1.312793,0.0,492,52,0.975869,0.000647,676,52,1
159.203.69.233,192.168.10.5,202208162005,12,14,26,0,22,1,1.171884,0.000257,700,52,0.974334,0.000148,900,52,1
206.72.204.220,192.168.10.5,202208162005,5,3,8,0,22,1,0.17547,0.002096,60,52,0.175317,0.173826,75,52,1
14.17.114.113,192.168.10.5,202208162005,4,3,7,0,3389,1,0.300869,0.001797,83,40,0.213554,0.086263,59,40,1
89.248.163.145,192.168.10.5,202208162005,6,2,8,0,50840,2,9.325555,0.005025,44,40,9.611159,9.611159,44,44,1
45.143.203.15,192.168.10.5,202208162004,6,2,8,0,8903,2,38.35629,0.008336,44,40,38.596437,38.596437,44,44,1
74.116.0.115,192.168.10.5,202208162005,2,0,0,2,5060,1,0.0,0.0,986,547,-10000,-10000,-10000,-10000,1
103.133.120.4,192.168.10.5,202208162005,12,15,27,0,22,1,1.172536,0.000807,492,52,0.973807,8.7e-05,676,52,1
192.168.3.115,172.29.148.192,202208162004,20,0,20,0,55443,1,12.964858,1.003438,60,60,-10000,-10000,-10000,-10000,0
45.134.144.211,192.168.10.5,202208162005,3,1,4,0,5060,1,0.221346,0.019067,44,40,-10000,-10000,44,44,1
192.241.214.175,192.168.10.5,202208162004,7,11,18,0,2455,1,68.174883,0.000297,169,44,36.354131,9.9e-05,60,44,1
37.139.129.43,192.168.10.5,202208162005,8,9,17,0,25,1,0.251448,0.001158,52,40,0.251148,0.000449,112,40,1
178.128.125.217,192.168.10.5,202208162005,12,15,27,0,22,1,1.109923,0.0,492,52,0.975741,0.000292,676,52,1
5.188.206.50,192.168.10.5,202208162005,10,8,18,0,54114,2,1.300956,0.0,99,40,1.008178,0.0,60,52,1
192.241.219.38,192.168.10.5,202208162006,1,1,2,0,873,1,-10000,-10000,44,44,-10000,-10000,40,40,1
178.79.185.95,192.168.10.5,202208162006,1,0,0,1,123,1,-10000,-10000,220,220,-10000,-10000,-10000,-10000,1
177.200.1.51,192.168.10.5,202208162006,14,15,29,0,22,1,1.32563,0.0,492,52,0.977191,9.6e-05,676,52,1
121.40.101.162,192.168.10.5,202208162006,7,3,10,0,6379,1,0.181701,0.0,66,40,0.185749,0.0,60,40,1
51.79.250.5,192.168.10.5,202208162006,4,3,7,0,3389,1,0.133477,0.001157,83,40,0.093796,0.038933,59,40,1
167.94.138.96,192.168.10.5,202208162006,2,1,3,0,49502,1,0.201091,0.201091,44,40,-10000,-10000,44,44,1
194.26.29.31,192.168.10.5,202208162006,5,4,9,0,10020,1,1.281219,0.00029,87,40,1.008231,0.0,52,40,1
167.94.138.118,192.168.10.5,202208162006,13,9,22,0,49502,1,1.211866,0.0,295,52,1.205418,4.7e-05,60,52,1
89.248.163.145,192.168.10.5,202208162006,1,1,2,0,125,1,-10000,-10000,44,44,-10000,-10000,40,40,1
103.133.120.4,192.168.10.5,202208162006,72,95,167,0,22,1,1.178785,0.0,584,52,0.977557,0.000302,676,52,1
162.142.125.232,192.168.10.5,202208162007,2,1,3,0,2134,1,0.144815,0.144815,44,40,-10000,-10000,44,44,1
178.128.125.217,192.168.10.5,202208162007,12,15,27,0,22,1,1.099239,0.0,492,52,0.977933,0.000296,676,52,1
162.142.125.160,192.168.10.5,202208162006,4,2,6,0,49502,2,23.340617,0.152208,60,40,23.499911,23.499911,60,60,1
162.142.125.210,192.168.10.5,202208162007,14,10,24,0,2134,1,1.169573,0.0,295,40,1.160287,4.8e-05,60,40,1
106.107.196.14,192.168.10.5,202208162006,7,4,11,0,23,1,30.94403,0.039287,60,40,30.985982,0.041224,60,44,1
14.17.114.113,192.168.10.5,202208162007,1,6,7,0,3389,1,-10000,-10000,52,52,16.239285,1.026352,52,52,1
187.234.85.58,192.168.10.5,202208162007,2,1,3,0,23,1,0.160594,0.160594,44,40,-10000,-10000,44,44,1
159.65.219.243,192.168.10.5,202208162008,8,6,14,0,60001,1,1.173368,1e-06,450,40,1.008541,9.9e-05,60,44,1
37.139.129.43,192.168.10.5,202208162008,8,9,17,0,25,1,0.247259,0.0012,52,40,0.247005,0.000596,112,40,1
103.133.120.4,192.168.10.5,202208162008,12,15,27,0,22,1,1.174623,0.0,492,52,0.97804,4.9e-05,676,52,1
200.184.239.201,192.168.10.5,202208162007,2,7,9,0,445,1,2.85952,2.85952,48,48,16.239342,1.009822,48,48,1
178.128.125.217,192.168.10.5,202208162008,12,15,27,0,22,1,1.103432,1e-06,492,52,0.978836,0.000699,676,52,1
177.200.1.51,192.168.10.5,202208162007,87,105,192,0,22,1,50.829382,0.0,584,52,51.118611,0.000197,676,52,1
212.192.246.198,192.168.10.5,202208162008,8,9,17,0,25,1,0.272615,0.0,52,40,0.272005,0.000548,112,40,1
167.94.138.105,192.168.10.5,202208162008,2,1,3,0,2080,1,0.202224,0.202224,44,40,-10000,-10000,44,44,1
167.94.138.45,192.168.10.5,202208162008,14,9,23,0,2080,1,1.206823,1e-06,295,40,1.197398,5.5e-05,60,52,1
162.142.125.160,192.168.10.5,202208162008,2,1,3,0,2080,1,0.160846,0.160846,60,40,-10000,-10000,60,60,1
27.221.127.183,192.168.10.5,202208162008,5,4,9,0,6379,1,0.259778,0.000257,66,52,0.259734,0.00035,60,52,1
34.100.249.28,192.168.10.5,202208162009,3,1,4,0,8873,1,0.149803,0.055716,44,40,-10000,-10000,44,44,1
34.140.248.32,192.168.10.5,202208162009,5,5,10,0,8873,1,1.243447,1e-06,66,52,1.00778,0.000158,60,52,1
51.79.250.5,192.168.10.5,202208162009,4,3,7,0,3389,1,0.167717,0.000263,83,40,0.082559,0.080919,59,40,1
14.17.114.113,192.168.10.5,202208162009,4,4,8,0,3389,1,0.889564,0.001743,83,40,0.650814,0.025806,59,40,1
159.203.69.233,192.168.10.5,202208162009,12,13,25,0,22,1,1.168639,1e-06,700,52,0.978193,0.000844,900,52,1
45.227.253.99,192.168.10.5,202208162009,1,1,2,0,239,1,-10000,-10000,44,44,-10000,-10000,40,40,1
120.26.8.245,192.168.10.5,202208162009,7,3,10,0,6379,1,0.184357,0.0,66,40,0.18726,0.000292,60,40,1
177.200.1.51,192.168.10.5,202208162009,14,15,29,0,22,1,1.307202,0.0,492,52,0.974345,0.00055,676,52,1
116.58.22.218,192.168.10.5,202208162009,4,3,7,0,3389,1,0.438198,0.003842,83,40,0.396768,0.064999,59,40,1
74.116.0.115,192.168.10.5,202208162009,2,0,0,2,5060,1,0.0,0.0,984,545,-10000,-10000,-10000,-10000,1
14.161.50.133,192.168.10.5,202208162009,1,6,7,0,23,1,-10000,-10000,44,44,16.239434,1.01069,44,44,1
103.133.120.4,192.168.10.5,202208162009,12,14,26,0,22,1,1.236529,1e-06,492,52,1.019423,0.000952,676,52,1
45.95.147.28,192.168.10.5,202208162009,3,1,4,0,5443,1,0.237724,0.059839,44,40,-10000,-10000,44,44,1
178.128.125.217,192.168.10.5,202208162009,74,99,173,0,22,1,1.10454,0.0,584,52,0.974086,0.0,676,52,1
5.188.206.50,192.168.10.5,202208162009,5,4,9,0,50783,1,1.282482,0.0,99,40,1.007276,0.0,60,52,1
181.224.163.170,192.168.10.5,202208162009,12,9,21,0,445,1,36.146753,0.007736,180,40,36.390722,0.004793,221,40,1
192.241.220.251,192.168.10.5,202208162010,1,0,0,1,5632,1,-10000,-10000,31,31,-10000,-10000,-10000,-10000,1
103.114.104.92,192.168.10.5,202208162010,6,7,13,0,25,1,0.097988,0.001404,52,40,0.097742,0.000303,112,40,1
149.56.206.192,192.168.10.5,202208162010,7,6,13,0,5900,1,0.172177,0.0,68,52,0.172375,0.000299,68,52,1
139.162.113.212,192.168.10.5,202208162010,2,1,3,0,25,1,0.006536,0.006536,44,40,-10000,-10000,44,44,1
139.162.99.243,192.168.10.5,202208162010,5,3,8,0,25,1,0.010435,0.001498,60,52,0.011634,0.008385,124,52,1
177.200.1.51,192.168.10.5,202208162010,14,15,29,0,22,1,1.3021,0.0,492,52,0.975741,0.000752,676,52,1
37.139.129.43,192.168.10.5,202208162011,8,9,17,0,25,1,0.338709,0.001198,52,40,0.338257,0.000501,112,40,1
185.156.73.57,192.168.10.5,202208162011,3,1,4,0,57117,1,0.236522,0.015475,44,40,-10000,-10000,44,44,1
178.128.125.217,192.168.10.5,202208162011,12,15,27,0,22,1,1.104247,0.00144,492,52,0.975946,0.000584,676,52,1
14.17.114.113,192.168.10.5,202208162011,4,3,7,0,3389,1,0.349137,0.0,83,40,0.218039,0.132038,59,40,1
103.133.120.4,192.168.10.5,202208162011,12,14,26,0,22,1,1.17881,0.0,492,52,0.976286,0.001151,676,52,1
192.168.3.116,172.29.148.192,202208162009,20,0,20,0,55443,1,12.849711,1.00448,60,60,-10000,-10000,-10000,-10000,0
181.224.163.170,192.168.10.5,202208162011,2,0,2,0,445,1,0.0,0.0,40,40,-10000,-10000,-10000,-10000,1
51.79.250.5,192.168.10.5,202208162011,4,3,7,0,3389,1,0.114667,0.000895,83,40,0.081574,0.028159,59,40,1
89.248.165.204,192.168.10.5,202208162011,3,1,4,0,33699,1,0.229697,0.012745,44,40,-10000,-10000,44,44,1
92.204.139.216,192.168.10.5,202208162010,9,6,15,0,2375,1,47.042226,1e-06,182,40,47.534539,0.000198,60,44,1
62.204.41.80,192.168.10.5,202208162011,3,1,4,0,5777,1,0.290433,0.0036,44,40,-10000,-10000,44,44,1
80.66.88.215,192.168.10.5,202208162011,13,9,22,0,1838,1,1.31195,0.0,84,40,1.008785,9.8e-05,52,40,1
85.192.63.5,192.168.10.5,202208162012,14,15,29,0,22,1,1.283044,0.000302,492,52,0.978116,0.00035,676,52,1
177.200.1.51,192.168.10.5,202208162012,14,15,29,0,22,1,1.327637,0.0,492,52,0.977118,0.000149,676,52,1
180.94.159.12,192.168.10.5,202208162012,2,1,3,0,23,1,0.063156,0.063156,44,40,-10000,-10000,44,44,1
162.142.125.80,192.168.10.5,202208162012,2,1,3,0,22380,1,0.149555,0.149555,44,40,-10000,-10000,44,44,1
162.142.125.9,192.168.10.5,202208162012,16,12,28,0,22380,1,1.158226,0.000298,295,40,1.16158,0.0,60,40,1
212.192.246.198,192.168.10.5,202208162012,8,9,17,0,25,1,0.254748,0.000297,52,40,0.254292,0.000395,112,40,1
162.142.125.160,192.168.10.5,202208162012,2,1,3,0,22380,1,0.159354,0.159354,60,40,-10000,-10000,60,60,1
178.128.125.217,192.168.10.5,202208162012,12,15,27,0,22,1,1.093604,0.001101,492,52,0.977635,0.0001,676,52,1
103.133.120.4,192.168.10.5,202208162012,12,14,26,0,22,1,1.177877,0.0,492,52,0.97778,0.000699,676,52,1
5.188.206.50,192.168.10.5,202208162012,5,4,9,0,53128,1,1.28035,0.000598,99,40,1.008138,0.000106,60,52,1
192.168.10.4,192.168.10.5,202208162012,38,15,53,0,64297,1,5.037618,-1.1e-05,575,52,5.037627,0.0,3876,40,1
89.248.165.104,192.168.10.5,202208162012,3,1,4,0,33847,1,0.239523,0.021149,44,40,-10000,-10000,44,44,1
89.248.165.52,192.168.10.5,202208162013,23,16,39,0,48770,1,1.241661,0.0,163,40,1.008182,9.8e-05,60,52,1
14.17.114.113,192.168.10.5,202208162013,4,3,7,0,3389,1,0.273508,0.000551,83,40,0.209962,0.063645,59,40,1
177.200.1.51,192.168.10.5,202208162013,14,15,29,0,22,1,1.307151,1e-06,492,52,0.977277,0.000397,676,52,1
51.79.250.5,192.168.10.5,202208162013,4,4,8,0,3389,1,0.207365,0.000258,83,40,0.109422,0.000198,59,40,1
89.248.165.204,192.168.10.5,202208162013,3,1,4,0,33657,1,0.244011,0.008034,44,40,-10000,-10000,44,44,1
178.128.125.217,192.168.10.5,202208162013,12,14,26,0,22,1,1.102228,0.000599,492,52,0.978034,0.000851,676,52,1
103.133.120.4,192.168.10.5,202208162014,12,14,26,0,22,1,1.166239,1e-06,492,52,0.976997,0.000699,676,52,1
110.157.232.46,192.168.10.5,202208162009,392,556,948,0,1433,1,30.31097,0.0,6818,40,30.311008,0.0,114,40,1
184.160.31.106,192.168.10.5,202208162014,2,1,3,0,22,1,0.238956,0.238956,44,40,-10000,-10000,44,44,1
74.116.0.115,192.168.10.5,202208162014,2,0,0,2,5060,1,0.0,0.0,988,549,-10000,-10000,-10000,-10000,1
159.203.69.233,192.168.10.5,202208162014,12,14,26,0,22,1,1.169524,0.000293,700,52,0.974588,0.0,900,52,1
39.165.227.119,192.168.10.5,202208162014,1,0,1,0,7001,1,-10000,-10000,44,44,-10000,-10000,-10000,-10000,1
194.26.29.37,192.168.10.5,202208162014,3,1,4,0,9047,1,0.285677,0.007138,44,40,-10000,-10000,44,44,1
5.188.206.50,192.168.10.5,202208162013,10,8,18,0,54222,2,28.351443,0.000293,99,40,28.643275,0.0,60,52,1
61.164.49.126,192.168.10.5,202208162014,7,6,13,0,5900,1,0.185321,0.0,68,52,0.185103,0.000344,68,52,1
177.200.1.51,192.168.10.5,202208162014,14,15,29,0,22,1,1.328016,1e-06,492,52,0.979376,0.000349,676,52,1
94.102.61.44,192.168.10.5,202208162014,1,6,7,0,1344,1,-10000,-10000,44,44,16.239308,1.009134,44,44,1
51.38.75.3,192.168.10.5,202208162014,4,3,7,0,3389,1,0.331272,0.001196,83,40,0.253443,0.074426,59,40,1
92.118.39.30,192.168.10.5,202208162014,2,1,3,0,4153,1,0.2806,0.2806,44,40,-10000,-10000,44,44,1
152.89.196.25,192.168.10.5,202208162015,5,4,9,0,5796,1,1.241291,0.0,87,40,1.007785,0.0,52,40,1
178.128.125.217,192.168.10.5,202208162015,12,14,26,0,22,1,1.100434,0.000303,492,52,0.974626,0.00095,676,52,1
14.17.114.113,192.168.10.5,202208162015,4,3,7,0,3389,1,0.295562,0.001165,83,40,0.219197,0.074982,59,40,1
94.228.120.251,192.168.10.5,202208162015,9,13,22,0,5432,1,0.419426,0.0,93,52,0.310308,0.0,103,52,1
61.222.19.133,192.168.10.5,202208162015,5,9,14,0,3391,1,4.319746,0.429807,93,40,2.770951,0.0,52,40,1
103.133.120.4,192.168.10.5,202208162015,12,15,27,0,22,1,1.163889,0.0,492,52,0.974088,0.0,676,52,1
89.248.163.145,192.168.10.5,202208162015,3,1,4,0,11051,1,0.239212,0.047374,44,40,-10000,-10000,44,44,1
184.160.31.106,192.168.10.5,202208162015,30,28,58,0,22,1,0.737323,0.0,1444,52,0.508788,0.0008,676,52,1
177.200.1.51,192.168.10.5,202208162015,14,15,29,0,22,1,1.323824,0.0,492,52,0.977951,0.000305,676,52,1
125.134.34.78,192.168.10.5,202208162015,6,5,11,0,5555,1,1.135287,0.000866,189,52,0.963718,0.003132,199,52,1
123.56.44.138,192.168.10.5,202208162015,7,3,10,0,6379,1,0.118815,0.0,66,40,0.120204,0.000201,60,40,1
51.79.250.5,192.168.10.5,202208162016,4,3,7,0,3389,1,0.260635,0.002692,83,40,0.173416,0.085711,59,40,1
212.192.246.198,192.168.10.5,202208162016,8,9,17,0,25,1,0.276409,0.001461,52,40,0.275857,0.000496,112,40,1
167.94.145.17,192.168.10.5,202208162016,1,1,2,0,392,1,-10000,-10000,44,44,-10000,-10000,40,40,1
178.128.125.217,192.168.10.5,202208162016,12,15,27,0,22,1,1.101633,0.000595,492,52,0.976233,0.0,676,52,1
5.188.206.50,192.168.10.5,202208162016,10,8,18,0,53365,2,35.256582,0.0,99,40,35.544587,0.0,60,52,1
176.111.174.128,192.168.10.5,202208162016,3,1,4,0,3348,1,0.287764,0.007145,44,40,-10000,-10000,44,44,1
92.63.197.70,192.168.10.5,202208162016,1,1,2,0,5000,1,-10000,-10000,44,44,-10000,-10000,40,40,1
103.133.120.4,192.168.10.5,202208162016,12,15,27,0,22,1,1.179654,1e-06,492,52,0.975549,4.9e-05,676,52,1
177.200.1.51,192.168.10.5,202208162017,14,15,29,0,22,1,1.321812,0.000294,492,52,0.975468,0.000704,676,52,1
14.17.114.113,192.168.10.5,202208162017,4,3,7,0,3389,1,0.295529,0.0,83,40,0.212112,0.082354,59,40,1
185.7.214.117,192.168.10.5,202208162017,7,6,13,0,80,1,6.655832,0.000304,325,52,6.987948,0.000105,7009,52,1
91.240.118.222,192.168.10.5,202208162017,4,2,6,0,23,1,0.34821,0.303508,52,40,0.304762,0.304762,52,47,1
80.82.77.144,192.168.10.5,202208162017,2,1,3,0,13000,1,0.234157,0.234157,44,40,-10000,-10000,44,44,1
116.58.22.218,192.168.10.5,202208162017,4,3,7,0,3389,1,0.437902,0.002993,83,40,0.373152,0.056712,59,40,1
5.188.206.50,192.168.10.5,202208162017,5,4,9,0,52184,1,1.290732,0.0,99,40,1.008138,0.0,60,52,1
47.107.30.98,192.168.10.5,202208162018,7,3,10,0,6379,1,0.213854,0.0,66,40,0.215006,0.0,60,40,1
46.161.27.47,192.168.10.5,202208162018,3,1,4,0,6522,1,0.223686,0.03251,44,40,-10000,-10000,44,44,1
89.248.163.145,192.168.10.5,202208162017,6,2,8,0,7000,2,36.599553,0.008322,44,40,36.845453,36.845453,44,44,1
178.128.125.217,192.168.10.5,202208162018,12,15,27,0,22,1,1.098339,0.000298,492,52,0.976885,9.9e-05,676,52,1
62.233.50.217,192.168.10.5,202208162018,3,1,4,0,8630,1,0.283302,0.002391,44,40,-10000,-10000,44,44,1
94.102.61.44,192.168.10.5,202208162018,7,6,13,0,1344,1,1.239516,0.002093,237,40,1.008276,0.0,60,44,1
183.191.146.200,192.168.10.5,202208162017,7,4,11,0,23,1,40.300849,0.0253,60,40,40.374641,0.072231,60,44,1
177.200.1.51,192.168.10.5,202208162018,14,15,29,0,22,1,1.32,1e-06,492,52,0.975923,0.0,676,52,1
103.133.120.4,192.168.10.5,202208162018,12,14,26,0,22,1,1.191895,0.0,492,52,0.980229,0.001153,676,52,1
74.116.0.115,192.168.10.5,202208162018,2,0,0,2,5060,1,0.0,0.0,984,545,-10000,-10000,-10000,-10000,1
51.79.250.5,192.168.10.5,202208162018,4,3,7,0,3389,1,0.144511,0.000859,83,40,0.084215,0.056752,59,40,1
92.204.139.216,192.168.10.5,202208162018,3,1,4,0,2376,1,0.159406,0.054736,44,40,-10000,-10000,44,44,1
185.156.73.57,192.168.10.5,202208162018,3,1,4,0,64041,1,0.234427,0.015469,44,40,-10000,-10000,44,44,1
5.188.206.50,192.168.10.5,202208162019,5,4,9,0,50729,1,1.289919,0.00121,99,40,1.008272,6e-05,60,52,1
159.203.69.233,192.168.10.5,202208162019,12,14,26,0,22,1,1.171022,0.000262,700,52,0.98023,0.000696,900,52,1
14.17.114.113,192.168.10.5,202208162019,4,3,7,0,3389,1,0.264797,0.000943,83,40,0.214121,0.051258,59,40,1
43.130.57.239,192.168.10.5,202208162018,1,6,7,0,18022,1,-10000,-10000,52,52,16.239415,1.012712,52,52,1
185.22.10.165,192.168.10.5,202208162018,52,61,113,0,22,1,9.992885,0.000899,908,40,10.301123,0.000114,5660,44,1
106.75.173.138,192.168.10.5,202208162019,34,30,64,0,1024,1,1.22176,0.0,543,52,1.016659,0.0,64,52,1
178.128.125.217,192.168.10.5,202208162019,12,15,27,0,22,1,1.107236,0.0,492,52,0.980279,0.000246,676,52,1
85.192.63.5,192.168.10.5,202208162019,80,96,176,0,22,1,1.330404,0.0,584,52,1.02819,0.000145,676,52,1
177.200.1.51,192.168.10.5,202208162019,14,14,28,0,22,1,1.324477,0.0,492,52,0.976936,0.00116,676,52,1
162.142.125.137,192.168.10.5,202208162019,1,1,2,0,83,1,-10000,-10000,44,44,-10000,-10000,40,40,1
122.175.50.75,192.168.10.5,202208162019,7,6,13,0,5900,1,0.143874,0.000898,68,52,0.144022,0.000395,68,52,1
89.248.163.145,192.168.10.5,202208162019,3,1,4,0,20195,1,0.231781,0.050067,44,40,-10000,-10000,44,44,1
192.241.219.57,192.168.10.5,202208162019,6,11,17,0,8291,1,28.223355,1e-06,60,44,12.676829,0.0,60,44,1
103.133.120.4,192.168.10.5,202208162019,12,14,26,0,22,1,1.173189,0.0,492,52,0.979268,0.001296,676,52,1
212.192.246.198,192.168.10.5,202208162020,8,9,17,0,25,1,0.266355,0.001151,52,40,0.265924,0.000447,112,40,1
92.255.85.40,192.168.10.5,202208162020,13,9,22,0,3391,1,1.304758,0.0,84,40,1.008833,9.6e-05,52,40,1
163.172.80.40,192.168.10.5,202208162020,1,0,0,1,1900,1,-10000,-10000,45,45,-10000,-10000,-10000,-10000,1
162.142.125.129,192.168.10.5,202208162020,2,1,3,0,51005,1,0.147202,0.147202,44,40,-10000,-10000,44,44,1
162.142.125.8,192.168.10.5,202208162020,14,10,24,0,51005,1,1.168411,0.0,295,40,1.157893,1e-06,60,40,1
177.200.1.51,192.168.10.5,202208162020,14,15,29,0,22,1,1.327106,0.000345,492,52,0.979881,5e-05,676,52,1
167.248.133.165,192.168.10.5,202208162020,2,1,3,0,16058,1,0.137928,0.137928,44,40,-10000,-10000,44,44,1
167.248.133.60,192.168.10.5,202208162020,13,9,22,0,16058,1,1.153441,0.000259,295,52,1.148905,5.5e-05,60,52,1
162.142.125.160,192.168.10.5,202208162020,4,2,6,0,51005,2,15.152355,0.137933,60,40,15.292632,15.292632,60,60,1
178.128.125.217,192.168.10.5,202208162020,12,15,27,0,22,1,1.104931,1e-06,492,52,0.97734,0.000246,676,52,1
139.196.101.84,192.168.10.5,202208162021,7,3,10,0,6379,1,0.184051,0.0,66,40,0.184952,0.0,60,40,1
51.79.250.5,192.168.10.5,202208162021,4,3,7,0,3389,1,0.109316,0.001461,83,40,0.078624,0.031093,59,40,1
14.225.198.175,192.168.10.5,202208162021,4,3,7,0,3389,1,0.13228,0.0,83,40,0.095248,0.032695,59,40,1
14.17.114.113,192.168.10.5,202208162021,4,3,7,0,3389,1,0.372923,0.0,83,40,0.208515,0.161999,59,40,1
103.133.120.4,192.168.10.5,202208162021,12,15,27,0,22,1,1.173367,1e-06,492,52,0.978686,0.000247,676,52,1
185.156.73.91,192.168.10.5,202208162021,3,1,4,0,10789,1,0.234414,0.00803,44,40,-10000,-10000,44,44,1
116.58.22.218,192.168.10.5,202208162021,4,3,7,0,3389,1,0.245159,0.001495,83,40,0.188539,0.050103,59,40,1
107.189.13.194,192.168.10.5,202208162021,1,0,0,1,5353,1,-10000,-10000,58,58,-10000,-10000,-10000,-10000,1
185.22.10.165,192.168.10.5,202208162021,3,3,6,0,22,1,0.271412,0.001443,164,52,0.001099,0.000347,52,52,1
177.200.1.51,192.168.10.5,202208162021,14,14,28,0,22,1,1.332751,0.0,492,52,0.979824,0.000701,676,52,1
185.156.74.34,192.168.10.5,202208162022,3,1,4,0,58526,1,0.232075,0.011926,44,40,-10000,-10000,44,44,1
154.89.5.92,192.168.10.5,202208162022,2,1,3,0,110,1,0.067345,0.067345,44,44,-10000,-10000,44,44,1
154.89.5.113,192.168.10.5,202208162022,7,5,12,0,110,1,0.050968,0.000268,72,40,0.05112,0.001098,74,52,1
80.82.77.144,192.168.10.5,202208162022,2,1,3,0,14000,1,0.238875,0.238875,44,40,-10000,-10000,44,44,1
178.128.125.217,192.168.10.5,202208162022,12,15,27,0,22,1,1.112672,0.0,492,52,0.976579,0.000111,676,52,1
167.248.133.154,192.168.10.5,202208162022,2,1,3,0,8502,1,0.142426,0.142426,44,40,-10000,-10000,44,44,1
167.248.133.62,192.168.10.5,202208162022,14,10,24,0,8502,1,1.147775,0.000303,295,40,1.145085,3.9e-05,60,40,1
162.142.125.160,192.168.10.5,202208162022,2,1,3,0,8502,1,0.153703,0.153703,60,40,-10000,-10000,60,60,1
112.175.88.121,192.168.10.5,202208162022,1,0,0,1,8082,1,-10000,-10000,37,37,-10000,-10000,-10000,-10000,1
89.248.163.239,192.168.10.5,202208162022,3,1,4,0,7068,1,0.22105,0.010728,44,40,-10000,-10000,44,44,1
103.133.120.4,192.168.10.5,202208162022,12,15,27,0,22,1,1.168333,0.000291,492,52,0.973621,0.0004,676,52,1
74.116.0.115,192.168.10.5,202208162022,2,0,0,2,5060,1,0.0,0.0,988,549,-10000,-10000,-10000,-10000,1
5.188.206.50,192.168.10.5,202208162022,10,8,18,0,53193,2,29.05774,0.000298,99,40,29.335874,0.0,60,52,1
177.200.1.51,192.168.10.5,202208162023,14,14,28,0,22,1,1.300919,0.0,492,52,0.973391,0.000846,676,52,1
180.184.81.4,192.168.10.5,202208162022,25,30,55,0,2323,1,8.015962,0.00026,60,40,16.239266,0.0,60,44,1
51.79.250.5,192.168.10.5,202208162023,4,3,7,0,3389,1,0.13472,0.00116,83,40,0.081266,0.050214,59,40,1
45.61.188.185,192.168.10.5,202208162022,11,7,18,0,5555,1,45.379086,0.0,210,40,1.395074,0.000351,199,44,1
89.248.165.71,192.168.10.5,202208162023,3,1,4,0,50033,1,0.232325,0.052471,44,40,-10000,-10000,44,44,1
45.61.188.18,192.168.10.5,202208162023,1,6,7,0,5188,1,-10000,-10000,44,44,16.239352,1.022468,44,44,1
178.128.125.217,192.168.10.5,202208162023,12,15,27,0,22,1,1.102179,1e-06,492,52,0.974645,5e-05,676,52,1
77.222.60.122,192.168.10.5,202208162023,10,7,17,0,23,1,14.428167,0.010133,518,52,1.99227,0.000352,76,52,1
14.17.114.113,192.168.10.5,202208162023,1,6,7,0,3389,1,-10000,-10000,52,52,16.239316,1.016861,52,52,1
167.94.138.149,192.168.10.5,202208162024,2,1,3,0,12564,1,0.193635,0.193635,44,40,-10000,-10000,44,44,1
159.203.69.233,192.168.10.5,202208162024,12,13,25,0,22,1,1.181791,0.000343,700,52,0.979668,0.001239,900,52,1
212.192.246.198,192.168.10.5,202208162024,8,8,16,0,25,1,0.262732,0.0,52,40,0.262319,0.0004,112,40,1
223.71.167.165,192.168.10.5,202208162024,1,1,2,0,587,1,-10000,-10000,44,44,-10000,-10000,40,40,1
167.94.138.62,192.168.10.5,202208162024,16,11,27,0,12564,1,1.212399,0.0,295,40,1.205608,0.0,60,52,1
162.142.125.160,192.168.10.5,202208162024,2,1,3,0,12564,1,0.145076,0.145076,60,40,-10000,-10000,60,60,1
89.248.165.118,192.168.10.5,202208162024,3,1,4,0,13124,1,0.234727,0.008079,44,40,-10000,-10000,44,44,1
177.200.1.51,192.168.10.5,202208162024,14,15,29,0,22,1,1.315485,0.0,492,52,0.976977,4.8e-05,676,52,1
103.133.120.4,192.168.10.5,202208162024,12,14,26,0,22,1,1.188027,0.0,492,52,0.97497,0.001,676,52,1
194.165.16.73,192.168.10.5,202208162024,13,9,22,0,8388,1,1.301218,0.000264,84,40,1.007527,5.8e-05,52,40,1
149.56.206.192,192.168.10.5,202208162024,7,7,14,0,5900,1,0.358378,0.000261,68,52,0.210451,0.00045,68,52,1
194.26.29.86,192.168.10.5,202208162025,3,1,4,0,6637,1,0.277342,0.016668,44,40,-10000,-10000,44,44,1
178.128.125.217,192.168.10.5,202208162025,12,14,26,0,22,1,1.103079,0.0,492,52,0.97572,0.000998,676,52,1
163.123.142.133,192.168.10.5,202208162025,5,5,10,0,5900,1,0.165361,0.000265,52,40,0.165386,0.00115,52,40,1
91.240.118.39,192.168.10.5,202208162025,3,1,4,0,12331,1,0.297312,0.001159,44,40,-10000,-10000,44,44,1
14.17.114.113,192.168.10.5,202208162025,4,3,7,0,3389,1,0.355083,0.002389,83,40,0.212957,0.14833,59,40,1
192.168.3.115,172.29.148.192,202208162023,20,0,20,0,55443,1,12.974751,1.007335,60,60,-10000,-10000,-10000,-10000,0
192.241.214.19,192.168.10.5,202208162024,1,6,7,0,9200,1,-10000,-10000,44,44,16.239348,1.014465,44,44,1
177.200.1.51,192.168.10.5,202208162025,14,15,29,0,22,1,1.302368,0.0,492,52,0.972982,0.000496,676,52,1
94.228.120.251,192.168.10.5,202208162025,12,11,23,0,5432,1,0.283906,0.0,93,52,0.288138,0.0,103,52,1
51.79.250.5,192.168.10.5,202208162025,4,3,7,0,3389,1,0.105767,0.002696,83,40,0.084564,0.023798,59,40,1
89.248.165.244,192.168.10.5,202208162025,3,1,4,0,3389,1,0.22612,0.003594,44,40,-10000,-10000,44,44,1
103.133.120.4,192.168.10.5,202208162025,12,15,27,0,22,1,1.182898,1e-06,492,52,0.977589,0.0,676,52,1
116.58.22.218,192.168.10.5,202208162025,4,3,7,0,3389,1,0.268971,0.002686,83,40,0.19798,0.064444,59,40,1
192.241.212.251,192.168.10.5,202208162025,1,6,7,0,9200,1,-10000,-10000,44,44,16.239316,1.03363,44,44,1
51.38.75.3,192.168.10.5,202208162026,4,3,7,0,3389,1,0.283298,0.000297,83,40,0.246952,0.033591,59,40,1
42.81.133.5,192.168.10.5,202208162026,5,3,8,0,6379,1,0.254699,0.00269,66,52,0.254692,0.217347,60,52,1
5.188.206.50,192.168.10.5,202208162026,5,4,9,0,54313,1,1.296761,0.000861,99,40,1.007877,5.8e-05,60,52,1
178.128.125.217,192.168.10.5,202208162026,12,15,27,0,22,1,1.106984,0.000884,492,52,0.977938,0.000148,676,52,1
212.102.52.91,192.168.10.5,202208162026,3,4,7,0,5901,1,1.260382,0.248988,52,40,1.256671,9.7e-05,52,40,1
78.142.18.58,192.168.10.5,202208162025,9,7,16,0,1433,1,30.28389,0.002696,240,40,30.283877,0.007281,114,40,1
192.241.221.148,192.168.10.5,202208162026,1,6,7,0,9200,1,-10000,-10000,44,44,16.239291,1.012574,44,44,1
112.252.27.117,192.168.10.5,202208162026,1,6,7,0,23,1,-10000,-10000,44,44,16.239327,1.021228,44,44,1
167.248.133.159,192.168.10.5,202208162026,2,1,3,0,2181,1,0.148663,0.148663,44,40,-10000,-10000,44,44,1
167.248.133.117,192.168.10.5,202208162026,18,13,31,0,2181,1,1.155547,0.0,295,52,1.151954,2.7e-05,60,52,1
162.142.125.160,192.168.10.5,202208162026,2,1,3,0,2181,1,0.15221,0.15221,60,40,-10000,-10000,60,60,1
192.241.237.167,192.168.10.5,202208162026,1,6,7,0,9200,1,-10000,-10000,44,44,16.239345,1.010553,44,44,1
103.133.120.4,192.168.10.5,202208162027,12,14,26,0,22,1,1.173717,0.000603,492,52,0.975538,0.000799,676,52,1
74.116.0.115,192.168.10.5,202208162027,2,0,0,2,5060,1,0.0,0.0,984,545,-10000,-10000,-10000,-10000,1
14.17.114.113,192.168.10.5,202208162027,4,3,7,0,3389,1,0.234207,0.002993,83,40,0.216204,0.020564,59,40,1
194.26.29.31,192.168.10.5,202208162026,10,8,18,0,10017,2,31.226426,0.000319,87,40,31.514966,0.0,52,40,1
107.182.129.137,192.168.10.5,202208162027,7,6,13,0,81,1,0.362513,0.001762,78,40,0.606412,0.000502,489,44,1
39.104.134.205,192.168.10.5,202208162027,7,3,10,0,6379,1,0.121235,0.0,66,40,0.133747,0.014327,60,40,1
178.128.125.217,192.168.10.5,202208162027,12,15,27,0,22,1,1.093886,0.0,492,52,0.975521,9.5e-05,676,52,1
192.168.10.4,192.168.10.5,202208162027,36,13,49,0,64297,1,5.039477,-1.5e-05,575,52,5.039476,0.0,3876,40,1
124.234.218.120,192.168.10.5,202208162027,2,1,3,0,23,1,0.215055,0.215055,44,40,-10000,-10000,44,44,1
51.79.250.5,192.168.10.5,202208162028,4,3,7,0,3389,1,0.100088,0.00121,83,40,0.081869,0.017506,59,40,1
212.192.246.198,192.168.10.5,202208162028,8,9,17,0,25,1,0.251146,0.000313,52,40,0.250803,0.000399,112,40,1
101.43.93.100,192.168.10.5,202208162028,5,3,8,0,6379,1,0.258588,0.0,66,52,0.258536,0.185207,60,52,1
103.133.120.4,192.168.10.5,202208162028,12,15,27,0,22,1,1.177556,0.0,492,52,0.977831,0.000645,676,52,1
116.58.22.218,192.168.10.5,202208162028,4,3,7,0,3389,1,0.481977,0.005339,83,40,0.304112,0.138022,59,40,1
194.87.71.134,192.168.10.5,202208162028,5,3,8,0,23,1,46.045445,0.249934,60,52,46.299238,0.251976,60,52,1
185.158.241.249,192.168.10.5,202208162028,3,1,4,0,5061,1,0.245162,0.005688,44,40,-10000,-10000,44,44,1
192.241.212.251,192.168.10.5,202208162029,6,4,10,0,9200,1,0.120059,0.0,169,52,0.121005,0.001951,546,52,1
178.128.125.217,192.168.10.5,202208162029,12,15,27,0,22,1,1.092061,0.000852,492,52,0.97555,0.000702,676,52,1
192.241.221.148,192.168.10.5,202208162029,7,4,11,0,9200,1,0.115861,0.0,176,52,0.114314,0.003247,1662,52,1
51.159.184.252,192.168.10.5,202208162029,9,5,14,0,443,1,0.246914,0.0,335,52,0.246307,0.000499,1487,52,1
159.203.69.233,192.168.10.5,202208162029,12,15,27,0,22,1,1.173756,0.00119,700,52,0.975779,0.000456,900,52,1
14.17.114.113,192.168.10.5,202208162029,4,3,7,0,3389,1,0.339613,0.0,83,40,0.211809,0.128419,59,40,1
192.241.214.19,192.168.10.5,202208162029,5,3,8,0,9200,1,9.879652,0.000881,198,52,9.879948,0.121218,60,52,1
62.204.41.80,192.168.10.5,202208162029,3,1,4,0,1150,1,0.298471,0.002396,44,40,-10000,-10000,44,44,1
185.7.214.117,192.168.10.5,202208162029,6,5,11,0,8080,1,1.287788,0.000312,327,52,1.007716,0.0001,60,52,1
208.67.106.226,192.168.10.5,202208162029,11,10,21,0,25,1,3.996823,0.010966,52,40,4.293694,0.0,112,40,1
74.201.31.250,192.168.10.5,202208162029,1,6,7,0,22,1,-10000,-10000,44,44,16.239269,1.034533,44,44,1
192.241.237.167,192.168.10.5,202208162029,5,3,8,0,9200,1,9.876959,0.0,198,52,9.877279,0.124752,60,52,1
111.8.143.8,192.168.10.5,202208162029,5,3,8,0,6379,1,0.257981,0.000602,66,52,0.258077,0.113025,60,52,1
103.133.120.4,192.168.10.5,202208162030,12,14,26,0,22,1,1.174056,0.0,492,52,0.973623,0.001047,676,52,1
51.79.250.5,192.168.10.5,202208162030,4,3,7,0,3389,1,0.134337,0.000295,83,40,0.072881,0.058157,59,40,1
182.46.17.227,192.168.10.5,202208162029,7,4,11,0,23,1,30.321075,0.017872,60,40,30.549204,0.211796,60,44,1
192.241.206.49,192.168.10.5,202208162029,1,6,7,0,23,1,-10000,-10000,44,44,16.239273,1.033492,44,44,1
192.168.3.116,172.29.148.192,202208162029,20,0,20,0,55443,1,12.842752,1.010579,60,60,-10000,-10000,-10000,-10000,0
178.128.125.217,192.168.10.5,202208162030,12,14,26,0,22,1,1.097137,0.0,492,52,0.971643,0.000748,676,52,1
5.188.206.50,192.168.10.5,202208162030,5,4,9,0,50277,1,1.302414,1e-06,99,40,1.008675,0.000111,60,52,1
43.138.113.40,192.168.10.5,202208162030,2,1,3,0,7001,1,0.180808,0.180808,44,40,-10000,-10000,44,44,1
193.163.125.235,192.168.10.5,202208162030,1,6,7,0,7890,1,-10000,-10000,44,44,16.239355,1.033995,44,44,1
116.58.22.218,192.168.10.5,202208162031,4,3,7,0,3389,1,0.249003,0.001195,83,40,0.187849,0.057807,59,40,1
14.17.114.113,192.168.10.5,202208162031,4,3,7,0,3389,1,0.248151,0.000898,83,40,0.211682,0.033472,59,40,1
167.99.122.161,192.168.10.5,202208162031,2,1,3,0,7910,1,0.168574,0.168574,44,40,-10000,-10000,44,44,1
92.118.39.30,192.168.10.5,202208162031,6,5,11,0,4153,1,1.290149,0.0,61,52,1.007751,0.0,60,52,1
103.133.120.4,192.168.10.5,202208162031,12,15,27,0,22,1,1.169825,0.001447,492,52,0.974354,0.000399,676,52,1
194.87.71.134,192.168.10.5,202208162030,5,3,8,0,23,1,46.250107,0.254995,60,52,46.505316,0.257869,60,52,1
74.116.0.115,192.168.10.5,202208162031,2,0,0,2,5060,1,0.0,0.0,988,549,-10000,-10000,-10000,-10000,1
91.240.118.222,192.168.10.5,202208162031,4,2,6,0,23,1,1.232371,0.308314,52,40,0.309653,0.309653,52,47,1
212.192.246.198,192.168.10.5,202208162031,8,9,17,0,25,1,0.266624,0.0,52,40,0.266222,0.00045,112,40,1
61.164.49.126,192.168.10.5,202208162031,7,8,15,0,5900,1,0.412576,0.0,68,52,0.228656,0.000253,68,52,1
89.248.163.145,192.168.10.5,202208162032,3,1,4,0,12005,1,0.228198,0.010698,44,40,-10000,-10000,44,44,1
91.240.118.71,192.168.10.5,202208162032,3,1,4,0,31314,1,0.298515,0.00714,44,40,-10000,-10000,44,44,1
192.241.206.49,192.168.10.5,202208162032,7,5,12,0,23,1,0.119112,0.008032,78,40,0.121306,0.005792,65,52,1
167.94.145.82,192.168.10.5,202208162032,2,1,3,0,8088,1,0.2487,0.2487,44,40,-10000,-10000,44,44,1
194.26.29.31,192.168.10.5,202208162032,6,5,11,0,10021,1,1.928244,0.000907,87,40,1.007322,0.0,52,40,1
167.94.145.59,192.168.10.5,202208162032,9,5,14,0,8088,1,1.253249,1e-06,98,40,1.246003,9.9e-05,60,52,1
51.79.250.5,192.168.10.5,202208162032,4,3,7,0,3389,1,0.129838,0.0,83,40,0.096545,0.033103,59,40,1
162.142.125.137,192.168.10.5,202208162032,1,1,2,0,102,1,-10000,-10000,44,44,-10000,-10000,40,40,1
14.17.114.113,192.168.10.5,202208162033,4,4,8,0,3389,1,0.884491,0.000859,83,40,0.640631,0.027115,59,40,1
167.94.145.16,192.168.10.5,202208162033,2,1,3,0,14807,1,0.241299,0.241299,44,40,-10000,-10000,44,44,1
167.94.145.57,192.168.10.5,202208162033,14,10,24,0,14807,1,1.253602,0.0,295,40,1.252116,9.4e-05,60,40,1
89.248.163.145,192.168.10.5,202208162033,6,2,8,0,10000,2,10.067152,0.036945,44,40,10.342166,10.342166,44,44,1
103.114.104.92,192.168.10.5,202208162033,6,6,12,0,25,1,0.152506,0.098892,52,40,0.100301,0.000346,112,40,1
185.156.73.91,192.168.10.5,202208162034,3,1,4,0,33891,1,0.23442,0.003294,44,40,-10000,-10000,44,44,1
175.178.36.222,192.168.10.5,202208162034,5,3,8,0,6379,1,0.258616,0.001168,66,52,0.258642,0.217351,60,52,1
177.21.130.67,192.168.10.5,202208162033,1,6,7,0,23,1,-10000,-10000,44,44,16.239644,1.020353,44,44,1
159.203.69.233,192.168.10.5,202208162034,12,14,26,0,22,1,1.166014,1e-06,700,52,0.975122,8.2e-05,900,52,1
92.255.85.30,192.168.10.5,202208162034,5,4,9,0,64600,1,1.288669,0.002389,87,40,1.008161,4.5e-05,52,40,1
92.63.197.83,192.168.10.5,202208162034,3,1,4,0,8382,1,0.234427,0.00356,44,40,-10000,-10000,44,44,1
51.79.250.5,192.168.10.5,202208162034,4,3,7,0,3389,1,0.133789,0.003243,83,40,0.099741,0.033084,59,40,1
210.207.154.6,192.168.10.5,202208162034,4,4,8,0,5903,1,1.055485,0.000257,52,40,1.053266,0.000109,52,40,1
179.60.147.133,192.168.10.5,202208162035,13,9,22,0,3799,1,1.245227,0.0,84,40,1.00834,0.0,52,40,1
61.220.216.219,192.168.10.5,202208162035,2,1,3,0,23,1,0.042278,0.042278,44,40,-10000,-10000,44,44,1
194.87.71.134,192.168.10.5,202208162034,5,3,8,0,23,1,46.169742,0.271371,60,52,46.441967,0.27317,60,52,1
5.188.206.50,192.168.10.5,202208162034,10,8,18,0,51720,2,37.10624,0.0,99,40,37.404049,9.6e-05,60,52,1
45.61.188.170,192.168.10.5,202208162034,7,4,11,0,22,1,47.128063,0.00145,60,40,47.29904,0.181244,75,44,1
62.233.50.217,192.168.10.5,202208162035,3,1,4,0,2350,1,0.296431,0.005939,44,40,-10000,-10000,44,44,1
212.192.246.198,192.168.10.5,202208162035,8,9,17,0,25,1,0.254958,0.001148,52,40,0.254507,0.000399,112,40,1
94.228.120.251,192.168.10.5,202208162035,9,12,21,0,5432,1,0.405757,0.0,93,52,0.274634,9.8e-05,103,52,1
74.116.0.115,192.168.10.5,202208162036,2,0,0,2,5060,1,0.000597,0.000597,984,545,-10000,-10000,-10000,-10000,1
170.245.202.117,192.168.10.5,202208162035,8,5,13,0,23,1,40.980609,0.009832,60,40,41.266717,0.288091,60,44,1
89.248.165.52,192.168.10.5,202208162036,21,16,37,0,10100,1,1.244908,0.0,163,40,1.008544,9.1e-05,60,40,1
192.241.219.93,192.168.10.5,202208162036,1,6,7,0,25,1,-10000,-10000,44,44,16.239577,1.016623,44,44,1
93.174.93.227,192.168.10.5,202208162036,3,1,4,0,38865,1,0.220174,0.010716,44,40,-10000,-10000,44,44,1
167.94.138.106,192.168.10.5,202208162036,2,1,3,0,8443,1,0.232371,0.232371,44,40,-10000,-10000,44,44,1
116.58.22.218,192.168.10.5,202208162036,4,3,7,0,3389,1,0.382543,0.002345,83,40,0.349107,0.026363,59,40,1
167.94.138.118,192.168.10.5,202208162036,57,39,96,0,8443,2,2.793433,0.0,588,40,2.7936,0.0,1487,40,1
162.142.125.160,192.168.10.5,202208162036,2,1,3,0,8443,1,0.142407,0.142407,60,40,-10000,-10000,60,60,1
5.94.201.244,192.168.10.5,202208162037,5,3,8,0,23,1,0.341708,0.034901,52,40,0.356385,0.32018,52,44,1
14.17.114.113,192.168.10.5,202208162037,4,3,7,0,3389,1,0.22964,0.001497,83,40,0.213211,0.015576,59,40,1
51.79.250.5,192.168.10.5,202208162037,4,3,7,0,3389,1,0.141175,0.001794,83,40,0.077976,0.062705,59,40,1
51.38.75.3,192.168.10.5,202208162037,4,3,7,0,3389,1,0.296724,0.0,83,40,0.248704,0.043935,59,40,1
185.165.190.17,192.168.10.5,202208162037,1,0,0,1,19,1,-10000,-10000,29,29,-10000,-10000,-10000,-10000,1
5.188.206.50,192.168.10.5,202208162037,5,4,9,0,54080,1,1.296487,0.000297,99,40,1.007499,0.000103,60,52,1
43.129.35.207,192.168.10.5,202208162037,1,6,7,0,10044,1,-10000,-10000,52,52,16.243447,1.016881,52,52,1
193.163.125.213,192.168.10.5,202208162037,1,6,7,0,23,1,-10000,-10000,44,44,16.239585,1.008566,44,44,1
186.251.2.48,192.168.10.5,202208162037,7,11,18,0,23,1,8.022922,0.010734,60,40,16.239492,0.293115,60,44,1
149.56.206.192,192.168.10.5,202208162039,7,7,14,0,5900,1,0.277959,0.0,68,52,0.168134,0.000404,68,52,1
5.94.201.244,192.168.10.5,202208162039,0,7,7,0,23,1,-10000,-10000,-10000,-10000,15.466224,0.847048,40,40,1
51.79.250.5,192.168.10.5,202208162039,4,3,7,0,3389,1,0.160851,1e-06,83,40,0.090513,0.06609,59,40,1
212.80.219.230,192.168.10.5,202208161925,21165,23420,44585,0,5900,1,2.204169,0.0,56,40,2.0299,0.0,56,40,1
14.17.114.113,192.168.10.5,202208162039,1,6,7,0,3389,1,-10000,-10000,52,52,16.243433,1.035804,52,52,1
192.241.219.93,192.168.10.5,202208162039,6,4,10,0,25,1,0.123654,0.002096,78,52,0.133886,0.001548,124,52,1
5.188.206.50,192.168.10.5,202208162038,15,12,27,0,54864,3,30.084639,0.0,99,40,30.360956,0.0,60,52,1
167.94.138.146,192.168.10.5,202208162040,2,1,3,0,20443,1,0.201978,0.201978,44,40,-10000,-10000,44,44,1
159.203.69.233,192.168.10.5,202208162040,12,14,26,0,22,1,1.170707,0.000292,700,52,0.976993,0.000295,900,52,1
167.94.138.118,192.168.10.5,202208162040,14,10,24,0,20443,1,1.219057,0.000296,295,40,1.214504,0.000101,60,40,1
212.192.246.198,192.168.10.5,202208162040,8,9,17,0,25,1,0.290138,1e-06,52,40,0.289691,0.000449,112,40,1
74.116.0.115,192.168.10.5,202208162040,2,0,0,2,5060,1,0.0,0.0,988,549,-10000,-10000,-10000,-10000,1
89.248.165.169,192.168.10.5,202208162040,3,1,4,0,33589,1,0.242762,0.014028,44,40,-10000,-10000,44,44,1
123.172.77.62,192.168.10.5,202208162040,3,7,10,0,23,1,0.006587,0.005944,44,44,16.239506,0.006442,44,44,1
167.248.133.169,192.168.10.5,202208162040,2,1,3,0,12169,1,0.147469,0.147469,44,40,-10000,-10000,44,44,1
167.248.133.60,192.168.10.5,202208162040,14,9,23,0,12169,1,1.149275,1e-06,295,40,1.141227,0.000102,60,52,1
162.142.125.160,192.168.10.5,202208162040,4,2,6,0,20443,2,43.434769,0.155801,60,40,43.59052,43.59052,60,60,1
109.205.213.6,192.168.10.5,202208162040,2,1,3,0,27957,1,0.226078,0.226078,44,40,-10000,-10000,44,44,1
14.17.114.113,192.168.10.5,202208162041,4,3,7,0,3389,1,0.348839,0.002695,83,40,0.224239,0.123804,59,40,1
194.87.71.134,192.168.10.5,202208162040,5,3,8,0,23,1,45.332373,0.260658,60,52,45.596646,0.266163,60,52,1
101.200.239.207,192.168.10.5,202208162041,7,3,10,0,6379,1,0.111331,0.0,66,40,0.113463,0.0,60,40,1
92.63.197.70,192.168.10.5,202208162041,3,1,4,0,60000,1,0.238019,0.010428,44,40,-10000,-10000,44,44,1
51.79.250.5,192.168.10.5,202208162041,4,3,7,0,3389,1,0.161748,0.000297,83,40,0.081974,0.078919,59,40,1
192.168.3.115,172.29.148.192,202208162040,20,0,20,0,55443,1,12.97282,1.008088,60,60,-10000,-10000,-10000,-10000,0
47.98.120.87,192.168.10.5,202208162042,7,3,10,0,6379,1,0.191458,0.0,66,40,0.193253,0.0,60,40,1
161.35.8.175,192.168.10.5,202208162042,19,16,35,0,8080,1,1.164159,0.0,180,40,1.008089,1e-06,60,44,1
62.204.41.80,192.168.10.5,202208162042,3,1,4,0,5036,1,0.29137,0.003546,44,40,-10000,-10000,44,44,1
116.58.22.218,192.168.10.5,202208162042,4,3,7,0,3389,1,0.227894,0.002092,83,40,0.181908,0.041141,59,40,1
192.168.10.4,192.168.10.5,202208162042,32,12,44,0,64297,1,5.039684,-1.7e-05,575,52,5.039717,7.6e-05,3876,52,1
222.186.21.231,192.168.10.5,202208162042,5,6,11,0,8080,1,1.24521,0.0,229,40,1.036733,0.00015,52,40,1
192.241.221.83,192.168.10.5,202208162042,7,10,17,0,3306,1,48.107819,0.001194,60,44,16.298367,0.001147,108,44,1
106.104.126.91,192.168.10.5,202208162043,5,5,10,0,3391,1,1.055767,0.000904,93,40,1.007992,0.000147,52,40,1
14.17.114.113,192.168.10.5,202208162043,4,3,7,0,3389,1,0.253498,0.000297,83,40,0.217003,0.04004,59,40,1
167.94.138.80,192.168.10.5,202208162043,2,1,3,0,10935,1,0.205821,0.205821,44,40,-10000,-10000,44,44,1
167.94.138.45,192.168.10.5,202208162043,14,9,23,0,10935,1,1.233333,0.0,295,40,1.210008,5.5e-05,60,52,1
162.142.125.160,192.168.10.5,202208162043,2,1,3,0,10935,1,0.156974,0.156974,60,40,-10000,-10000,60,60,1
45.61.184.10,192.168.10.5,202208162043,11,7,18,0,5555,1,44.953603,1e-06,210,40,1.035197,0.000247,199,44,1
91.240.118.183,192.168.10.5,202208162043,3,1,4,0,22291,1,0.285391,0.005941,44,40,-10000,-10000,44,44,1
51.79.250.5,192.168.10.5,202208162044,4,3,7,0,3389,1,0.124851,0.002632,83,40,0.083317,0.037425,59,40,1
63.222.7.131,192.168.10.5,202208162044,3,1,4,0,2375,1,0.473342,0.059007,44,40,-10000,-10000,44,44,1
212.192.246.198,192.168.10.5,202208162044,8,9,17,0,25,1,0.260932,0.0,52,40,0.260433,0.000449,112,40,1
122.117.132.203,192.168.10.5,202208162044,2,1,3,0,23,1,0.048269,0.048269,44,40,-10000,-10000,44,44,1
74.116.0.115,192.168.10.5,202208162044,2,0,0,2,5060,1,0.0,0.0,984,545,-10000,-10000,-10000,-10000,1
77.222.60.122,192.168.10.5,202208162044,10,7,17,0,23,1,14.431011,0.009823,518,52,1.991268,0.000489,76,52,1
192.241.214.18,192.168.10.5,202208162044,1,1,2,0,53,1,-10000,-10000,44,44,-10000,-10000,40,40,1
116.58.22.218,192.168.10.5,202208162044,4,3,7,0,3389,1,0.372092,0.000898,83,40,0.25108,0.10924,59,40,1
114.112.43.83,192.168.10.5,202208162044,1,6,7,0,6379,1,-10000,-10000,60,60,16.239454,1.032905,60,60,1
14.17.114.113,192.168.10.5,202208162045,1,6,7,0,3389,1,-10000,-10000,52,52,16.243367,1.012203,52,52,1
91.240.118.182,192.168.10.5,202208162045,3,1,4,0,12357,1,0.291635,0.017595,44,40,-10000,-10000,44,44,1
51.15.244.103,192.168.10.5,202208162045,1,0,0,1,25565,1,-10000,-10000,35,35,-10000,-10000,-10000,-10000,1
159.203.69.233,192.168.10.5,202208162045,12,13,25,0,22,1,1.176987,0.0,700,52,0.978432,0.001138,900,52,1
152.89.196.25,192.168.10.5,202208162046,5,4,9,0,5709,1,1.239833,0.001783,87,40,1.008229,9.9e-05,52,40,1
94.228.120.251,192.168.10.5,202208162046,9,11,20,0,5432,1,0.286297,0.0,93,52,0.288239,0.0,103,52,1
194.26.29.86,192.168.10.5,202208162046,3,1,4,0,6401,1,0.273763,0.011628,44,40,-10000,-10000,44,44,1
107.189.4.117,192.168.10.5,202208162045,10,8,18,0,5555,1,44.008704,0.0,247,40,1.015233,0.0001,199,44,1
51.79.250.5,192.168.10.5,202208162046,4,3,7,0,3389,1,0.124808,0.000347,83,40,0.088408,0.032205,59,40,1
91.240.118.222,192.168.10.5,202208162046,3,4,7,0,23,1,1.338193,1.322309,52,40,1.028802,0.295993,52,47,1
5.188.206.50,192.168.10.5,202208162046,5,4,9,0,54316,1,1.286029,0.000863,99,40,1.008232,0.0,60,52,1
179.43.139.194,192.168.10.5,202208162046,11,7,18,0,5555,1,44.948847,0.000299,192,40,0.838858,0.000403,199,44,1
14.17.114.113,192.168.10.5,202208162046,4,3,7,0,3389,1,0.27705,0.001758,83,40,0.221845,0.050306,59,40,1
185.156.73.91,192.168.10.5,202208162047,3,1,4,0,10089,1,0.239219,0.008334,44,40,-10000,-10000,44,44,1
192.168.3.116,172.29.148.192,202208162045,20,0,20,0,55443,1,12.850763,1.002097,60,60,-10000,-10000,-10000,-10000,0
186.211.1.7,192.168.10.5,202208162047,7,6,13,0,5001,1,1.312842,0.0,198,40,1.008879,5.7e-05,60,44,1
185.156.74.58,192.168.10.5,202208162047,3,1,4,0,38103,1,0.237123,0.004141,44,40,-10000,-10000,44,44,1
74.201.31.250,192.168.10.5,202208162047,1,6,7,0,22,1,-10000,-10000,44,44,16.239331,1.008859,44,44,1
89.248.165.204,192.168.10.5,202208162047,3,1,4,0,33612,1,0.228181,0.007145,44,40,-10000,-10000,44,44,1
193.142.147.44,192.168.10.5,202208162048,3,1,4,0,5950,1,0.240119,0.00474,44,40,-10000,-10000,44,44,1
87.226.114.1,192.168.10.5,202208162048,6,5,11,0,5555,1,1.286642,0.001449,189,52,0.965511,0.000688,199,52,1
212.192.246.198,192.168.10.5,202208162048,8,8,16,0,25,1,0.263027,1e-06,52,40,0.26268,0.000299,112,40,1
3.232.242.170,192.168.10.5,202208162048,7,12,19,0,51152,1,0.184403,0.000358,4132,52,0.174132,0.0,569,52,1
51.38.75.3,192.168.10.5,202208162048,4,3,7,0,3389,1,0.314003,0.002395,83,40,0.242763,0.06809,59,40,1
51.79.250.5,192.168.10.5,202208162048,4,3,7,0,3389,1,0.169475,0.002094,83,40,0.092591,0.073082,59,40,1
152.89.196.25,192.168.10.5,202208162048,11,9,20,0,5787,2,15.868886,1e-06,87,40,16.116482,0.0,52,40,1
62.233.50.217,192.168.10.5,202208162048,3,1,4,0,3335,1,0.288089,0.00594,44,40,-10000,-10000,44,44,1
14.17.114.113,192.168.10.5,202208162048,4,3,7,0,3389,1,0.234433,0.000349,83,40,0.212077,0.016873,59,40,1
91.240.118.183,192.168.10.5,202208162049,3,1,4,0,22257,1,0.27586,0.004785,44,40,-10000,-10000,44,44,1
74.116.0.115,192.168.10.5,202208162049,2,0,0,2,5060,1,0.0,0.0,988,549,-10000,-10000,-10000,-10000,1
192.241.222.189,192.168.10.5,202208162048,1,6,7,0,80,1,-10000,-10000,44,44,16.239483,1.036535,44,44,1
113.219.247.127,192.168.10.5,202208162049,8,8,16,0,1433,1,3.589949,0.000894,254,40,2.02989,0.010837,114,40,1
61.164.49.126,192.168.10.5,202208162049,11,14,25,0,5900,1,1.000596,0.0,68,40,1.000597,0.000299,68,52,1
194.26.29.169,192.168.10.5,202208162049,3,1,4,0,4302,1,0.30026,0.015208,44,40,-10000,-10000,44,44,1
222.240.147.226,192.168.10.5,202208162050,5,3,8,0,6379,1,0.256793,0.001739,66,52,0.256893,0.234473,60,52,1
167.94.146.71,192.168.10.5,202208162050,2,1,3,0,1883,1,0.251152,0.251152,44,40,-10000,-10000,44,44,1
167.94.146.57,192.168.10.5,202208162050,8,5,13,0,1883,1,15.001131,0.0,72,52,15.249146,0.010573,60,52,1
91.240.118.75,192.168.10.5,202208162050,3,1,4,0,3159,1,0.291682,0.002015,44,40,-10000,-10000,44,44,1
5.188.206.50,192.168.10.5,202208162050,5,4,9,0,52519,1,1.291717,0.000267,99,40,1.008163,2.5e-05,60,52,1
116.58.22.218,192.168.10.5,202208162050,4,3,7,0,3389,1,0.415233,0.004194,83,40,0.360057,0.100339,59,40,1
45.61.187.156,192.168.10.5,202208162050,11,7,18,0,5555,1,45.607962,0.0,472,40,1.405825,0.000299,199,44,1
89.248.165.169,192.168.10.5,202208162051,3,1,4,0,33588,1,0.229381,0.005951,44,40,-10000,-10000,44,44,1
89.248.163.145,192.168.10.5,202208162050,6,2,8,0,7789,2,43.111899,0.025896,44,40,43.372363,43.372363,44,44,1
51.79.250.5,192.168.10.5,202208162051,4,3,7,0,3389,1,0.129596,0.000299,83,40,0.086811,0.037543,59,40,1
219.118.149.183,192.168.10.5,202208162051,1,6,7,0,23,1,-10000,-10000,44,44,16.239424,1.028244,44,44,1
192.241.222.189,192.168.10.5,202208162052,6,6,12,0,80,1,0.114354,0.0,78,52,0.113365,0.0,212,52,1
159.203.69.233,192.168.10.5,202208162052,7,5,12,0,22,1,0.161736,0.000289,700,52,0.193535,0.003843,699,52,1
39.173.113.21,192.168.10.5,202208162052,5,3,8,0,6379,1,0.260021,0.000889,54,40,0.260083,0.08235,52,40,1
212.192.246.198,192.168.10.5,202208162052,8,9,17,0,25,1,0.267207,0.001466,52,40,0.26682,0.000451,112,40,1
118.123.105.85,192.168.10.5,202208162052,1,1,2,0,102,1,-10000,-10000,44,44,-10000,-10000,40,40,1
89.248.163.145,192.168.10.5,202208162052,3,1,4,0,21685,1,0.226134,0.013089,44,40,-10000,-10000,44,44,1
92.255.85.30,192.168.10.5,202208162051,11,10,21,0,65005,2,50.662662,1e-06,87,40,50.956736,1e-06,52,40,1
14.17.114.113,192.168.10.5,202208162052,4,3,7,0,3389,1,0.251439,0.0,83,40,0.210972,0.035446,59,40,1
45.227.253.186,192.168.10.5,202208162052,3,1,4,0,3316,1,0.221294,0.006888,44,40,-10000,-10000,44,44,1
149.56.206.192,192.168.10.5,202208162053,7,6,13,0,5900,1,0.165626,0.0,68,52,0.164743,0.000401,68,52,1
116.58.22.218,192.168.10.5,202208162053,4,3,7,0,3389,1,0.229684,0.002696,83,40,0.216805,0.009425,59,40,1
171.22.30.153,192.168.10.5,202208162053,3,1,4,0,4200,1,0.235618,0.004798,46,40,-10000,-10000,44,44,1
61.222.19.133,192.168.10.5,202208162053,4,6,10,0,3391,1,1.19838,0.000304,93,40,1.014071,9.4e-05,52,40,1
51.79.250.5,192.168.10.5,202208162053,4,3,7,0,3389,1,0.120651,0.000863,83,40,0.074341,0.040637,59,40,1
74.116.0.115,192.168.10.5,202208162053,2,0,0,2,5060,1,0.0,0.0,984,545,-10000,-10000,-10000,-10000,1
89.248.165.204,192.168.10.5,202208162053,3,1,4,0,33602,1,0.223736,0.004443,44,40,-10000,-10000,44,44,1
193.163.125.223,192.168.10.5,202208162053,1,6,7,0,8711,1,-10000,-10000,44,44,16.243382,1.039089,44,44,1
185.156.73.54,192.168.10.5,202208162053,3,1,4,0,8040,1,0.232981,0.00594,44,40,-10000,-10000,44,44,1
167.248.133.134,192.168.10.5,202208162053,2,1,3,0,20000,1,0.137618,0.137618,44,40,-10000,-10000,44,44,1
167.248.133.60,192.168.10.5,202208162053,20,16,36,0,20000,1,1.160607,0.000355,1052,40,1.156259,0.0,60,52,1
162.142.125.250,192.168.10.5,202208162053,2,1,3,0,21901,1,0.151907,0.151907,44,40,-10000,-10000,44,44,1
162.142.125.8,192.168.10.5,202208162053,13,9,22,0,21901,1,1.169223,0.0,295,52,1.158293,0.0,60,52,1
92.118.39.30,192.168.10.5,202208162054,2,1,3,0,1080,1,0.287747,0.287747,44,40,-10000,-10000,44,44,1
45.148.120.191,192.168.10.5,202208162053,39,15,54,0,5555,1,10.001199,0.0,665,52,10.006185,0.22881,60,52,1
89.248.163.145,192.168.10.5,202208162053,6,2,8,0,11003,2,18.043477,0.004743,44,40,18.282295,18.282295,44,44,1
167.94.138.143,192.168.10.5,202208162054,2,1,3,0,8765,1,0.195138,0.195138,44,40,-10000,-10000,44,44,1
162.142.125.160,192.168.10.5,202208162053,6,3,9,0,20000,3,27.698579,0.142672,60,40,27.841184,14.806131,60,60,1
167.94.138.44,192.168.10.5,202208162054,14,10,24,0,8765,1,1.213366,0.0,295,40,1.243556,0.0,60,40,1
175.213.132.85,192.168.10.5,202208162054,8,6,14,0,1433,1,0.392298,0.0,254,40,0.750701,0.012283,114,40,1
14.17.114.113,192.168.10.5,202208162054,4,3,7,0,3389,1,0.266875,0.001204,83,40,0.214415,0.052356,59,40,1
89.248.165.71,192.168.10.5,202208162055,3,1,4,0,55121,1,0.228488,0.014277,44,40,-10000,-10000,44,44,1
51.79.250.5,192.168.10.5,202208162055,4,3,7,0,3389,1,0.240715,0.0,83,40,0.141382,0.096206,59,40,1
193.57.40.49,192.168.10.5,202208162055,3,1,4,0,7779,1,0.226984,0.015528,44,40,-10000,-10000,44,44,1
103.114.104.92,192.168.10.5,202208162056,6,7,13,0,25,1,0.100689,0.037232,52,40,0.131383,0.000349,112,40,1
45.227.253.186,192.168.10.5,202208162056,3,1,4,0,3315,1,0.227339,0.02501,44,40,-10000,-10000,44,44,1
80.82.77.144,192.168.10.5,202208162056,2,1,3,0,5007,1,0.232976,0.232976,44,40,-10000,-10000,44,44,1
118.81.188.130,192.168.10.5,202208162055,7,3,10,0,23,1,40.089418,0.0,60,40,0.079523,0.063891,60,44,1
192.241.221.160,192.168.10.5,202208162055,1,6,7,0,443,1,-10000,-10000,44,44,16.24331,1.029195,44,44,1
89.248.163.145,192.168.10.5,202208162055,9,3,12,0,20343,3,36.528459,0.029818,44,40,36.789098,23.322341,44,44,1
212.192.246.198,192.168.10.5,202208162056,8,9,17,0,25,1,0.251407,0.0,52,40,0.250958,0.000449,112,40,1
45.143.203.71,192.168.10.5,202208162056,3,1,4,0,7589,1,0.242756,0.014027,44,40,-10000,-10000,44,44,1
94.228.120.251,192.168.10.5,202208162056,8,12,20,0,5432,1,0.41463,0.0,93,52,0.26748,0.0,103,52,1
14.17.114.113,192.168.10.5,202208162056,4,3,7,0,3389,1,0.24515,0.001504,83,40,0.207616,0.035188,59,40,1
185.7.214.117,192.168.10.5,202208162056,4,4,8,0,8080,1,1.323829,0.0,60,52,1.309242,0.00011,60,52,1
106.10.122.53,192.168.10.5,202208162056,5,5,10,0,2147,1,1.047724,0.001198,69,52,1.008194,4.2e-05,60,52,1
213.142.148.24,192.168.10.5,202208162057,1,0,0,1,1900,1,-10000,-10000,103,103,-10000,-10000,-10000,-10000,1
192.241.221.160,192.168.10.5,202208162057,6,4,10,0,443,1,0.116165,0.000856,174,52,0.133685,0.001498,1387,52,1
146.75.114.132,192.168.10.5,202208162057,49,75,124,0,38408,1,0.15508,0.0,7042,52,0.148619,0.0,316,52,1
133.87.45.30,192.168.10.5,202208162057,28,20,48,0,55480,1,0.167675,2.2e-05,5660,52,0.146671,4.8e-05,267,52,1
192.168.10.4,192.168.10.5,202208162057,38,14,52,0,64297,1,5.039005,-5e-06,575,52,5.039034,0.0,2948,40,1
74.116.0.115,192.168.10.5,202208162057,2,0,0,2,5060,1,1.5e-05,1.5e-05,988,549,-10000,-10000,-10000,-10000,1
51.79.250.5,192.168.10.5,202208162058,4,3,7,0,3389,1,0.109192,0.001398,83,40,0.084312,0.022694,59,40,1
122.175.50.75,192.168.10.5,202208162058,7,6,13,0,5900,1,0.130593,0.000657,68,52,0.130488,0.000203,68,52,1
45.134.144.211,192.168.10.5,202208162058,3,1,4,0,5061,1,0.240016,0.02327,44,40,-10000,-10000,44,44,1
107.170.113.190,192.168.10.5,202208162058,12,14,26,0,22,1,1.174735,0.0,492,52,0.975737,0.000748,676,52,1
91.240.118.75,192.168.10.5,202208162058,3,1,4,0,5120,1,0.281753,0.004488,44,40,-10000,-10000,44,44,1
162.142.125.227,192.168.10.5,202208162058,2,1,3,0,6002,1,0.156941,0.156941,44,40,-10000,-10000,44,44,1
