address,partner,date,rcv_packet_count,snd_packet_count,tcp_count,udp_count,most_port,port_count,rcv_max_int,rcv_min_int,rcv_max_len,rcv_min_len,snd_max_int,snd_min_int,snd_max_len,snd_min_len,label
193.163.125.193,192.168.10.5,202208150258,1,6,7,0,6172,1,-10000,-10000,44,44,16.239537,1.007683,44,44,1
218.39.29.105,192.168.10.5,202208150258,4,4,8,0,5905,1,1.054254,0.002345,52,40,1.052712,0.000147,52,40,1
109.205.213.6,192.168.10.5,202208150259,2,1,3,0,12693,1,0.245158,0.245158,44,40,-10000,-10000,44,44,1
37.120.148.78,192.168.10.5,202208150259,3,1,3,1,1900,1,0.271367,0.031897,122,40,-10000,-10000,44,44,1
223.93.70.4,192.168.10.5,202208150259,6,9,15,0,3391,1,8.87957,1e-06,93,40,5.809162,0.000101,52,40,1
212.192.246.198,192.168.10.5,202208150259,8,9,17,0,25,1,0.263332,0.000273,52,40,0.263077,0.000351,112,40,1
167.94.138.98,192.168.10.5,202208150259,1,0,0,1,5684,1,-10000,-10000,167,167,-10000,-10000,-10000,-10000,1
62.204.41.80,192.168.10.5,202208150300,3,1,4,0,23881,1,0.275854,0.003598,44,40,-10000,-10000,44,44,1
92.255.85.195,192.168.10.5,202208150300,10,8,18,0,30104,1,1.305432,0.0,84,40,1.00882,0.0,52,40,1
103.157.27.220,192.168.10.5,202208150259,1,6,7,0,80,1,-10000,-10000,64,64,16.239433,1.033355,60,60,1
178.32.197.80,192.168.10.5,202208150300,6,5,11,0,50470,1,1.265722,0.043827,569,52,1.007676,0.0,60,52,1
167.94.146.18,192.168.10.5,202208150300,2,1,3,0,11693,1,0.250846,0.250846,44,40,-10000,-10000,44,44,1
61.216.55.144,192.168.10.5,202208150300,2,1,3,0,23,1,0.048569,0.048569,44,40,-10000,-10000,44,44,1
192.241.213.228,192.168.10.5,202208150259,7,11,18,0,9000,1,24.325584,0.0,169,44,8.979217,0.0,60,44,1
103.114.104.92,192.168.10.5,202208150300,7,7,14,0,25,1,0.186145,0.084314,52,40,0.299422,0.000549,112,40,1
167.94.146.57,192.168.10.5,202208150300,14,10,24,0,11693,1,1.246699,0.000299,295,40,1.270607,0.0,60,40,1
107.182.129.253,192.168.10.5,202208150300,5,5,10,0,52869,1,1.249944,0.000298,978,52,1.008173,9.8e-05,60,52,1
80.72.29.224,192.168.10.5,202208150300,2,1,3,0,23,1,0.285687,0.285687,44,40,-10000,-10000,44,44,1
123.5.190.66,192.168.10.5,202208150300,1,6,7,0,23,1,-10000,-10000,44,44,16.239274,1.009135,44,44,1
185.150.24.69,192.168.10.5,202208150259,5,30,35,0,80,1,18.454725,3.854991,64,64,16.239764,0.240719,60,60,1
120.69.94.21,192.168.10.5,202208150300,1,6,7,0,23,1,-10000,-10000,44,44,16.239699,1.016623,44,44,1
192.241.213.176,192.168.10.5,202208150301,10,6,16,0,80,1,9.743153,0.0,176,52,9.868615,4.4e-05,5660,52,1
89.248.165.71,192.168.10.5,202208150301,3,1,4,0,2653,1,0.239219,0.036644,44,40,-10000,-10000,44,44,1
38.132.109.169,192.168.10.5,202208150300,1,6,7,0,3389,1,-10000,-10000,44,44,16.239864,1.009022,44,44,1
51.38.75.3,192.168.10.5,202208150301,4,3,7,0,3389,1,0.323241,0.000896,83,40,0.262679,0.082826,59,40,1
185.196.220.81,192.168.10.5,202208150301,1,5,6,0,81,1,-10000,-10000,44,44,24.488285,1.030306,44,44,1
185.170.144.46,192.168.10.5,202208150301,2020,1913,3933,0,1134,555,13.645286,0.0,134,40,22.459346,0.0,240,40,1
59.120.4.66,192.168.10.5,202208150301,7,4,11,0,23,1,40.94884,0.022944,52,40,41.004447,0.094,52,40,1
94.187.242.147,192.168.10.5,202208150301,7,4,11,0,23,1,40.841294,0.040489,52,40,41.213837,0.375106,52,40,1
167.94.145.26,192.168.10.5,202208150302,2,1,3,0,17514,1,0.236528,0.236528,44,40,-10000,-10000,44,44,1
167.94.145.59,192.168.10.5,202208150302,16,11,27,0,17514,1,1.25176,0.0,295,40,1.257263,0.0,60,52,1
149.56.206.192,192.168.10.5,202208150302,7,6,13,0,5900,1,0.190296,1e-06,68,52,0.191305,0.000148,68,52,1
80.241.212.242,192.168.10.5,202208150302,8,7,15,0,5900,1,0.277617,0.000259,68,40,0.277608,0.000405,68,52,1
45.143.203.15,192.168.10.5,202208150302,3,1,4,0,8916,1,0.233275,0.009232,44,40,-10000,-10000,44,44,1
103.157.27.220,192.168.10.5,202208150302,1,6,7,0,80,1,-10000,-10000,64,64,16.244099,1.03256,60,60,1
194.26.29.37,192.168.10.5,202208150303,3,1,4,0,24407,1,0.285394,0.041701,44,40,-10000,-10000,44,44,1
184.105.139.79,192.168.10.5,202208150303,2,1,3,0,7547,1,0.13198,0.13198,44,40,-10000,-10000,44,44,1
89.248.165.199,192.168.10.5,202208150303,3,1,4,0,9000,1,0.226995,0.002409,44,40,-10000,-10000,44,44,1
194.87.71.134,192.168.10.5,202208150302,5,3,8,0,23,1,46.118498,0.259492,60,52,46.375109,0.263718,60,52,1
138.122.99.26,192.168.10.5,202208150303,5,4,9,0,3390,1,1.183011,0.00026,83,40,1.008041,6e-05,52,40,1
192.241.222.147,192.168.10.5,202208150302,1,6,7,0,10024,1,-10000,-10000,44,44,16.239807,1.027774,44,44,1
49.142.188.6,192.168.10.5,202208150302,1,6,7,0,23,1,-10000,-10000,44,44,16.239795,1.021235,44,44,1
146.88.240.4,192.168.10.5,202208150303,1,0,0,1,123,1,-10000,-10000,40,40,-10000,-10000,-10000,-10000,1
184.105.139.67,192.168.10.5,202208150303,5,5,10,0,7547,1,1.155267,0.025019,81,40,1.008323,0.000122,48,40,1
212.192.246.198,192.168.10.5,202208150303,8,9,17,0,25,1,0.262739,0.000251,52,40,0.262234,0.000501,112,40,1
185.150.24.69,192.168.10.5,202208150302,5,30,35,0,80,1,18.565007,4.410307,64,64,16.24029,0.257789,60,60,1
179.60.149.55,192.168.10.5,202208150303,5,4,9,0,61918,1,1.186866,1e-06,87,40,1.007339,5.9e-05,52,40,1
182.61.148.48,192.168.10.5,202208150303,5,7,12,0,6379,1,5.593053,0.0,66,52,2.738903,0.2158,60,52,1
20.187.160.69,192.168.10.5,202208150303,1,6,7,0,80,1,-10000,-10000,64,64,16.243311,1.02972,60,60,1
20.187.166.25,192.168.10.5,202208150303,1,6,7,0,80,1,-10000,-10000,64,64,16.239834,1.039338,60,60,1
185.196.220.70,192.168.10.5,202208150304,1,1,2,0,90,1,-10000,-10000,44,44,-10000,-10000,40,40,1
136.52.13.251,192.168.10.5,202208150303,11,8,19,0,22,1,20.442334,0.000257,364,40,20.400207,0.001898,676,44,1
61.177.173.47,192.168.10.5,202208150304,14,12,26,0,22,1,0.84211,0.001491,908,52,0.617759,0.001152,676,52,1
61.177.172.114,192.168.10.5,202208150304,12,12,24,0,22,1,0.629493,0.000294,908,52,0.624854,0.001254,699,52,1
20.195.92.241,192.168.10.5,202208150303,1,6,7,0,80,1,-10000,-10000,64,64,16.243838,1.028407,60,60,1
62.204.41.80,192.168.10.5,202208150304,3,1,4,0,35983,1,0.289302,0.002328,44,40,-10000,-10000,44,44,1
104.237.145.140,192.168.10.5,202208150304,10,5,15,0,443,1,13.49179,1e-06,295,40,13.672267,0.002289,1487,44,1
91.240.118.71,192.168.10.5,202208150304,3,1,4,0,38651,1,0.307163,0.005638,44,40,-10000,-10000,44,44,1
195.158.5.18,192.168.10.5,202208150304,7,6,13,0,5900,1,0.27466,0.0,68,52,0.274712,0.00045,68,52,1
20.239.2.105,192.168.10.5,202208150304,1,6,7,0,80,1,-10000,-10000,64,64,16.235677,1.015382,60,60,1
45.227.253.99,192.168.10.5,202208150304,3,1,4,0,17000,1,0.228182,0.01907,44,40,-10000,-10000,44,44,1
20.187.163.157,192.168.10.5,202208150304,1,6,7,0,80,1,-10000,-10000,64,64,16.239752,1.022815,60,60,1
187.120.144.110,192.168.10.5,202208150304,7,11,18,0,23,1,8.033328,0.000899,60,40,16.239661,0.295329,60,44,1
170.106.115.253,192.168.10.5,202208150304,1,6,7,0,12379,1,-10000,-10000,52,52,16.239701,1.019272,52,52,1
143.0.87.45,192.168.10.5,202208150304,7,11,18,0,23,1,8.022074,0.012231,60,40,16.239715,0.333804,60,44,1
159.203.69.32,192.168.10.5,202208150304,6,4,10,0,12323,1,30.771525,0.0,44,40,1.223903,0.000244,44,40,1
103.157.27.220,192.168.10.5,202208150305,1,6,7,0,80,1,-10000,-10000,64,64,16.24371,1.012044,60,60,1
183.136.225.9,192.168.10.5,202208150305,7,6,13,0,9295,1,1.202325,0.0,231,40,1.197456,1e-06,60,44,1
93.174.93.227,192.168.10.5,202208150305,3,1,4,0,15781,1,0.234155,0.011944,44,40,-10000,-10000,44,44,1
61.177.172.90,192.168.10.5,202208150305,13,13,26,0,22,1,5.707101,0.0,908,52,5.661929,0.001202,699,52,1
184.162.240.237,192.168.10.5,202208150305,5,5,10,0,3391,1,1.191851,0.00031,93,40,1.008298,0.0,52,40,1
152.32.143.129,192.168.10.5,202208150305,2,1,3,0,3306,1,0.330668,0.330668,60,40,-10000,-10000,60,60,1
185.150.24.69,192.168.10.5,202208150305,5,30,35,0,80,1,18.405535,4.306392,64,64,16.239821,0.052064,60,60,1
162.142.125.252,192.168.10.5,202208150306,2,1,3,0,61684,1,0.138833,0.138833,44,40,-10000,-10000,44,44,1
162.142.125.212,192.168.10.5,202208150306,14,9,23,0,61684,1,1.171586,0.0,295,40,1.159151,0.0,60,52,1
179.60.149.55,192.168.10.5,202208150306,5,4,9,0,62941,1,1.18143,0.0,87,40,1.008103,0.0,52,40,1
20.187.160.69,192.168.10.5,202208150305,1,6,7,0,80,1,-10000,-10000,64,64,16.239678,1.039836,60,60,1
113.61.204.65,192.168.10.5,202208150306,2,1,3,0,23,1,0.147166,0.147166,44,40,-10000,-10000,44,44,1
20.187.166.25,192.168.10.5,202208150306,1,6,7,0,80,1,-10000,-10000,64,64,16.239707,1.03509,60,60,1
61.164.49.126,192.168.10.5,202208150306,8,10,18,0,5900,1,1.019974,0.0,68,52,1.019872,0.0,68,52,1
20.195.92.241,192.168.10.5,202208150306,1,6,7,0,80,1,-10000,-10000,64,64,16.239697,1.007197,60,60,1
192.241.219.168,192.168.10.5,202208150306,1,6,7,0,4443,1,-10000,-10000,44,44,16.239796,1.018131,44,44,1
210.101.94.201,192.168.10.5,202208150306,2,1,3,0,2375,1,0.206726,0.206726,44,40,-10000,-10000,44,44,1
184.105.247.195,192.168.10.5,202208150306,1,0,0,1,123,1,-10000,-10000,40,40,-10000,-10000,-10000,-10000,1
192.168.3.115,172.29.148.192,202208150305,20,0,20,0,55443,1,13.00099,1.00819,60,60,-10000,-10000,-10000,-10000,0
192.241.222.147,192.168.10.5,202208150307,5,5,10,0,10024,1,1.139138,0.0,174,52,1.008246,1e-06,60,52,1
167.248.133.167,192.168.10.5,202208150307,2,1,3,0,16831,1,0.155507,0.155507,44,40,-10000,-10000,44,44,1
167.248.133.119,192.168.10.5,202208150307,13,9,22,0,16831,1,1.1603,0.0003,295,52,1.149234,0.0,60,52,1
89.248.165.71,192.168.10.5,202208150307,3,1,4,0,9101,1,0.230587,0.010731,44,40,-10000,-10000,44,44,1
162.142.125.160,192.168.10.5,202208150306,4,2,6,0,61684,2,53.422695,0.144769,60,40,53.567425,53.567425,60,60,1
20.187.163.157,192.168.10.5,202208150306,1,6,7,0,80,1,-10000,-10000,64,64,16.239663,1.015832,60,60,1
74.116.0.114,192.168.10.5,202208150307,1,0,0,1,5060,1,-10000,-10000,1487,1487,-10000,-10000,-10000,-10000,1
212.192.246.198,192.168.10.5,202208150307,8,9,17,0,25,1,0.271068,0.001205,52,40,0.270617,0.000545,112,40,1
109.72.246.85,192.168.10.5,202208150307,6,5,11,0,5555,1,1.292838,0.0,189,52,0.967305,0.003494,199,52,1
20.239.2.105,192.168.10.5,202208150306,2,12,14,0,80,1,30.195647,30.195647,64,64,16.239736,0.547776,60,60,1
61.177.173.50,192.168.10.5,202208150305,5,13,18,0,22,1,0.526062,0.0,67,52,43.305929,0.141862,676,52,1
107.155.48.112,192.168.10.5,202208150307,2,1,3,0,3306,1,0.15939,0.15939,60,40,-10000,-10000,60,60,1
35.143.167.37,192.168.10.5,202208150307,1,6,7,0,80,1,-10000,-10000,64,64,16.243726,1.010234,60,60,1
192.168.3.116,172.29.148.192,202208150306,20,0,20,0,55443,1,12.839184,1.000949,60,60,-10000,-10000,-10000,-10000,0
152.32.143.129,192.168.10.5,202208150307,5,3,8,0,3306,1,0.51268,0.326478,60,52,0.839608,0.330209,108,52,1
74.82.47.34,192.168.10.5,202208150307,1,0,0,1,53,1,-10000,-10000,70,70,-10000,-10000,-10000,-10000,1
192.241.192.143,192.168.10.5,202208150307,1,6,7,0,443,1,-10000,-10000,44,44,16.243668,1.0121,44,44,1
103.157.27.220,192.168.10.5,202208150307,1,6,7,0,80,1,-10000,-10000,64,64,16.23942,1.02277,60,60,1
138.122.99.26,192.168.10.5,202208150308,5,4,9,0,3390,1,1.196982,0.0,83,40,1.00825,4e-05,52,40,1
45.148.10.81,192.168.10.5,202208150308,1,0,1,0,80,1,-10000,-10000,86,86,-10000,-10000,-10000,-10000,1
210.101.94.203,192.168.10.5,202208150308,5,5,10,0,2375,1,1.050967,0.0,182,52,1.007705,0.000136,60,52,1
94.228.120.251,192.168.10.5,202208150308,9,12,21,0,5432,1,0.457871,0.0,93,52,0.29732,5e-05,103,52,1
74.201.31.250,192.168.10.5,202208150308,1,6,7,0,22,1,-10000,-10000,44,44,16.236023,1.028406,44,44,1
138.94.240.106,192.168.10.5,202208150308,2,1,3,0,23,1,0.308015,0.308015,44,40,-10000,-10000,44,44,1
179.60.149.55,192.168.10.5,202208150308,5,4,9,0,61723,1,1.183003,0.0,87,40,1.008583,1e-06,52,40,1
185.150.24.69,192.168.10.5,202208150307,5,30,35,0,80,1,18.340526,4.197659,64,64,16.239705,0.03652,60,60,1
185.170.144.46,192.168.10.5,202208150308,5,2,7,0,3389,2,6.79021,0.001796,134,40,0.293335,0.293335,52,40,1
139.59.165.180,192.168.10.5,202208150308,6,4,10,0,8180,1,30.726229,0.0,44,40,1.256687,0.000102,44,40,1
20.187.160.69,192.168.10.5,202208150308,1,6,7,0,80,1,-10000,-10000,64,64,16.239652,1.034055,60,60,1
103.153.77.170,192.168.10.5,202208150309,5,6,11,0,80,1,0.118008,0.00021,159,40,0.100887,6.8e-05,7594,40,1
184.162.240.237,192.168.10.5,202208150309,5,5,10,0,3391,1,1.216004,0.00025,93,40,1.008331,1e-06,52,40,1
20.187.166.25,192.168.10.5,202208150308,1,6,7,0,80,1,-10000,-10000,64,64,16.239164,1.020903,60,60,1
43.142.190.251,192.168.10.5,202208150309,2,2,4,0,6379,1,1.215177,1.215177,60,40,1.019386,1.019386,60,60,1
20.195.92.241,192.168.10.5,202208150308,1,6,7,0,80,1,-10000,-10000,64,64,16.235722,1.015183,60,60,1
107.155.48.112,192.168.10.5,202208150309,5,3,8,0,3306,1,0.565739,0.168276,60,52,0.732835,0.18231,108,52,1
62.204.41.80,192.168.10.5,202208150309,3,1,4,0,22643,1,0.287741,0.003591,44,40,-10000,-10000,44,44,1
170.106.115.253,192.168.10.5,202208150309,1,6,7,0,12104,1,-10000,-10000,52,52,16.239649,1.036128,52,52,1
192.241.192.143,192.168.10.5,202208150309,12,9,21,0,443,1,0.500207,0.000289,193,52,0.661098,9.5e-05,1454,40,1
141.95.145.13,192.168.10.5,202208150309,7,4,11,0,9200,1,0.500456,0.0,550,52,0.780395,0.004651,1662,52,1
23.129.64.131,192.168.10.5,202208150309,4,2,6,0,9200,1,5.892431,0.088099,60,52,5.980836,5.980836,60,52,1
20.187.163.157,192.168.10.5,202208150309,1,6,7,0,80,1,-10000,-10000,64,64,16.239641,1.011027,60,60,1
192.241.219.168,192.168.10.5,202208150310,5,5,10,0,4443,1,1.129341,0.0,198,52,1.008645,0.0001,60,52,1
200.54.189.98,192.168.10.5,202208150310,8,9,17,0,5900,1,0.438196,0.0,68,40,0.33276,0.000349,68,52,1
43.135.123.64,192.168.10.5,202208150309,1,6,7,0,443,1,-10000,-10000,44,44,16.239733,1.011244,44,44,1
20.239.2.105,192.168.10.5,202208150309,2,12,14,0,80,1,30.372196,30.372196,64,64,16.239683,0.193342,60,60,1
74.201.31.250,192.168.10.5,202208150309,1,6,7,0,22,1,-10000,-10000,44,44,16.239696,1.018976,44,44,1
92.255.85.195,192.168.10.5,202208150310,10,8,18,0,5972,1,1.305962,0.0,84,40,1.008637,0.0,52,40,1
193.57.40.49,192.168.10.5,202208150310,3,1,4,0,21559,1,0.23768,0.033371,44,40,-10000,-10000,44,44,1
125.209.10.176,192.168.10.5,202208150310,2,1,3,0,23,1,0.047062,0.047062,44,40,-10000,-10000,44,44,1
103.157.27.220,192.168.10.5,202208150310,1,6,7,0,80,1,-10000,-10000,64,64,16.23963,1.030848,60,60,1
212.192.246.198,192.168.10.5,202208150311,8,9,17,0,25,1,0.271721,0.001502,52,40,0.271311,0.000438,112,40,1
124.89.38.66,192.168.10.5,202208150311,4,5,9,0,57422,1,1.537141,0.0,44,40,1.137825,0.0001,44,40,1
185.150.24.69,192.168.10.5,202208150310,5,30,35,0,80,1,18.577916,4.478243,64,64,16.235606,0.146007,60,60,1
42.192.197.165,192.168.10.5,202208150311,5,3,8,0,6379,1,0.254992,0.0,66,52,0.255144,0.196731,60,52,1
20.187.160.69,192.168.10.5,202208150311,1,6,7,0,80,1,-10000,-10000,64,64,16.239244,1.016531,60,60,1
20.187.166.25,192.168.10.5,202208150311,1,6,7,0,80,1,-10000,-10000,64,64,16.239632,1.014882,60,60,1
20.195.92.241,192.168.10.5,202208150311,1,6,7,0,80,1,-10000,-10000,64,64,16.239697,1.031246,60,60,1
61.222.19.133,192.168.10.5,202208150312,5,5,10,0,3391,1,1.308664,0.004731,93,40,1.008229,6e-05,52,40,1
20.187.163.157,192.168.10.5,202208150312,1,6,7,0,80,1,-10000,-10000,64,64,16.239949,1.034037,60,60,1
94.102.61.26,192.168.10.5,202208150312,1,6,7,0,5432,1,-10000,-10000,44,44,16.239433,1.013572,44,44,1
192.168.10.4,192.168.10.5,202208150312,36,14,50,0,64297,1,5.039797,0.0,575,52,5.039849,0.0,3876,40,1
61.177.173.49,192.168.10.5,202208150312,12,11,23,0,22,1,0.867461,0.000299,908,52,0.624496,0.001416,699,52,1
193.124.7.9,192.168.10.5,202208150312,12,8,20,0,80,1,0.325297,0.0,162,40,0.346446,4.9e-05,4205,40,1
64.62.197.178,192.168.10.5,202208150312,1,0,0,1,5683,1,-10000,-10000,49,49,-10000,-10000,-10000,-10000,1
61.177.173.48,192.168.10.5,202208150312,14,13,27,0,22,1,0.615148,0.000561,908,52,0.573191,0.001149,676,52,1
89.248.165.71,192.168.10.5,202208150312,4,2,6,0,33174,2,39.421882,0.050071,44,40,39.421948,39.421948,44,40,1
51.38.75.3,192.168.10.5,202208150312,4,4,8,0,3389,1,0.294329,0.000258,83,40,0.244807,0.000249,59,40,1
20.239.2.105,192.168.10.5,202208150311,2,12,14,0,80,1,30.25181,30.25181,64,64,16.239501,0.418941,60,60,1
122.175.50.75,192.168.10.5,202208150313,7,7,14,0,5900,1,0.312798,0.000592,68,52,0.174369,0.000446,68,52,1
121.173.197.247,192.168.10.5,202208150313,4,4,8,0,5905,1,1.08551,1e-06,52,40,1.082708,5.8e-05,52,40,1
185.156.74.58,192.168.10.5,202208150313,3,1,4,0,8764,1,0.229653,0.009237,44,40,-10000,-10000,44,44,1
200.24.133.8,192.168.10.5,202208150312,5,12,17,0,5555,1,0.251437,0.00086,189,52,24.484275,0.001851,199,52,1
103.157.27.220,192.168.10.5,202208150312,1,6,7,0,80,1,-10000,-10000,64,64,16.239823,1.025953,60,60,1
210.101.94.201,192.168.10.5,202208150313,2,1,3,0,2376,1,0.233231,0.233231,44,40,-10000,-10000,44,44,1
138.122.99.26,192.168.10.5,202208150313,5,4,9,0,3390,1,1.193658,0.000333,83,40,1.008136,9.9e-05,52,40,1
164.92.169.98,192.168.10.5,202208150313,1,1,2,0,631,1,-10000,-10000,44,44,-10000,-10000,40,40,1
41.233.187.144,192.168.10.5,202208150313,7,4,11,0,23,1,37.840075,0.078673,60,40,38.142394,0.303067,60,44,1
185.150.24.69,192.168.10.5,202208150312,5,30,35,0,80,1,18.636324,4.274511,64,64,16.239256,0.096648,60,60,1
210.101.94.203,192.168.10.5,202208150314,6,5,11,0,2376,1,1.055109,0.0,182,52,1.008225,0.0,60,52,1
179.60.149.55,192.168.10.5,202208150314,5,4,9,0,62316,1,1.187747,0.0,87,40,1.009128,5.8e-05,52,40,1
20.187.160.69,192.168.10.5,202208150313,1,6,7,0,80,1,-10000,-10000,64,64,16.23556,1.007843,60,60,1
20.187.166.25,192.168.10.5,202208150313,1,6,7,0,80,1,-10000,-10000,64,64,16.239749,1.03758,60,60,1
61.177.172.114,192.168.10.5,202208150314,5,2,7,0,22,1,0.439397,0.002064,908,52,0.228005,0.228005,75,60,1
193.46.255.26,192.168.10.5,202208150314,3,1,4,0,5001,1,0.272561,0.003242,44,40,-10000,-10000,44,44,1
20.195.92.241,192.168.10.5,202208150314,1,6,7,0,80,1,-10000,-10000,64,64,16.239605,1.021519,60,60,1
212.192.246.198,192.168.10.5,202208150314,8,9,17,0,25,1,0.25174,0.000257,52,40,0.250897,0.0006,112,40,1
64.227.97.195,192.168.10.5,202208150314,3,3,6,0,443,1,0.117614,0.000257,68,52,0.117613,0.000247,60,52,1
20.187.163.157,192.168.10.5,202208150314,1,6,7,0,80,1,-10000,-10000,64,64,16.23966,1.016861,60,60,1
78.186.35.119,192.168.10.5,202208150315,2,1,3,0,23,1,0.40366,0.40366,44,40,-10000,-10000,44,44,1
216.218.206.104,192.168.10.5,202208150315,1,0,0,1,10074,1,-10000,-10000,34,34,-10000,-10000,-10000,-10000,1
64.62.197.208,192.168.10.5,202208150315,1,0,0,1,523,1,-10000,-10000,48,48,-10000,-10000,-10000,-10000,1
45.227.253.99,192.168.10.5,202208150315,1,1,2,0,134,1,-10000,-10000,44,44,-10000,-10000,40,40,1
20.239.2.105,192.168.10.5,202208150314,2,12,14,0,80,1,30.092055,30.092055,64,64,16.239398,0.483358,60,60,1
184.105.139.105,192.168.10.5,202208150315,1,0,0,1,500,1,-10000,-10000,92,92,-10000,-10000,-10000,-10000,1
104.200.141.10,192.168.10.5,202208150315,2,0,0,2,5060,1,0.0,0.0,990,547,-10000,-10000,-10000,-10000,1
149.56.206.192,192.168.10.5,202208150315,7,6,13,0,5900,1,0.188214,0.000295,68,52,0.188213,0.000449,68,52,1
80.241.212.242,192.168.10.5,202208150315,7,6,13,0,5900,1,0.264229,0.0,68,52,0.265327,0.000392,68,52,1
51.38.108.254,192.168.10.5,202208150315,1,0,0,1,5060,1,-10000,-10000,475,475,-10000,-10000,-10000,-10000,1
103.157.27.220,192.168.10.5,202208150315,1,6,7,0,80,1,-10000,-10000,64,64,16.239489,1.02515,60,60,1
89.248.165.71,192.168.10.5,202208150315,1,1,2,0,928,1,-10000,-10000,44,44,-10000,-10000,40,40,1
80.82.77.139,192.168.10.5,202208150315,14,11,25,0,49152,1,1.387579,0.0,307,40,1.620755,5.4e-05,60,44,1
216.218.206.119,192.168.10.5,202208150316,2,1,3,0,30005,1,0.120967,0.120967,44,40,-10000,-10000,44,44,1
175.101.115.21,192.168.10.5,202208150316,2,1,3,0,23,1,0.123353,0.123353,44,40,-10000,-10000,44,44,1
223.71.167.165,192.168.10.5,202208150316,9,7,16,0,9944,1,1.110869,0.0,231,40,1.008082,9.7e-05,60,44,1
139.162.207.84,192.168.10.5,202208150315,50,48,98,0,8423,1,53.987346,0.0,868,40,54.351309,0.0,60,40,1
161.97.146.15,192.168.10.5,202208150316,43,30,73,0,8089,1,1.296507,0.0,162,40,1.181795,0.0,60,40,1
61.177.172.114,192.168.10.5,202208150316,1,1,2,0,22,1,-10000,-10000,40,40,-10000,-10000,52,52,1
92.204.145.61,192.168.10.5,202208150316,1,0,0,1,5060,1,-10000,-10000,443,443,-10000,-10000,-10000,-10000,1
185.150.24.69,192.168.10.5,202208150315,5,30,35,0,80,1,18.8579,4.429109,64,64,16.239485,0.036436,60,60,1
92.63.197.83,192.168.10.5,202208150316,3,1,4,0,8512,1,0.234421,0.002096,44,40,-10000,-10000,44,44,1
216.218.206.67,192.168.10.5,202208150316,6,5,11,0,30005,1,1.124548,0.000299,81,40,1.007334,0.0001,48,40,1
43.226.152.7,192.168.10.5,202208150316,5,3,8,0,6379,1,0.257684,0.000856,66,52,0.257731,0.23698,60,52,1
20.187.160.69,192.168.10.5,202208150316,1,6,7,0,80,1,-10000,-10000,64,64,16.239819,1.014987,60,60,1
20.187.166.25,192.168.10.5,202208150316,1,6,7,0,80,1,-10000,-10000,64,64,16.239547,1.033861,60,60,1
223.93.70.3,192.168.10.5,202208150316,9,11,20,0,3391,1,29.275855,0.000257,93,40,29.275851,5.7e-05,52,40,1
20.195.92.241,192.168.10.5,202208150316,1,6,7,0,80,1,-10000,-10000,64,64,16.239659,1.034195,60,60,1
217.182.16.13,192.168.10.5,202208150317,1,0,0,1,1900,1,-10000,-10000,47,47,-10000,-10000,-10000,-10000,1
89.248.165.71,192.168.10.5,202208150317,3,1,4,0,3308,1,0.243651,0.050019,44,40,-10000,-10000,44,44,1
179.60.149.55,192.168.10.5,202208150317,5,4,9,0,58944,1,1.196336,0.000859,87,40,1.008175,6.1e-05,52,40,1
167.248.133.167,192.168.10.5,202208150317,2,1,3,0,12175,1,0.143569,0.143569,44,40,-10000,-10000,44,44,1
167.248.133.60,192.168.10.5,202208150317,14,10,24,0,12175,1,1.156446,0.0,295,40,1.145912,0.0,60,40,1
162.142.125.160,192.168.10.5,202208150317,2,1,3,0,12175,1,0.138864,0.138864,60,40,-10000,-10000,60,60,1
20.187.163.157,192.168.10.5,202208150317,1,6,7,0,80,1,-10000,-10000,64,64,16.243624,1.034845,60,60,1
193.163.125.199,192.168.10.5,202208150317,1,6,7,0,8105,1,-10000,-10000,44,44,16.239625,1.025058,44,44,1
185.156.73.91,192.168.10.5,202208150318,3,1,4,0,60189,1,0.238008,0.013943,44,40,-10000,-10000,44,44,1
20.239.2.105,192.168.10.5,202208150317,2,12,14,0,80,1,34.057639,34.057639,64,64,16.239623,1.014066,60,60,1
212.192.246.198,192.168.10.5,202208150318,8,9,17,0,25,1,0.25619,0.001107,52,40,0.256189,0.000449,112,40,1
89.248.165.104,192.168.10.5,202208150318,3,1,4,0,13304,1,0.229383,0.032195,44,40,-10000,-10000,44,44,1
119.23.250.61,192.168.10.5,202208150318,9,6,15,0,2375,1,2.297924,0.000858,182,40,2.632542,4.5e-05,60,44,1
177.234.217.78,192.168.10.5,202208150318,12,9,21,0,445,1,13.671543,0.009285,180,40,13.947401,0.005233,221,40,1
195.158.5.18,192.168.10.5,202208150318,7,8,15,0,5900,1,0.339303,0.000298,68,52,0.2783,0.000306,68,52,1
103.157.27.220,192.168.10.5,202208150318,1,6,7,0,80,1,-10000,-10000,64,64,16.239626,1.016315,60,60,1
103.114.104.92,192.168.10.5,202208150318,6,7,13,0,25,1,0.126897,0.004787,52,40,0.126747,0.000498,112,40,1
94.228.120.251,192.168.10.5,202208150318,10,12,22,0,5432,1,0.272591,0.0,93,52,0.277159,0.0,103,52,1
138.122.99.26,192.168.10.5,202208150318,5,4,9,0,3390,1,1.188347,0.000248,83,40,1.008583,8.2e-05,52,40,1
218.161.2.135,192.168.10.5,202208150318,7,4,11,0,23,1,40.466202,0.007435,60,40,40.514526,0.051805,60,44,1
192.241.209.85,192.168.10.5,202208150318,1,6,7,0,4443,1,-10000,-10000,44,44,16.239625,1.027899,44,44,1
179.60.149.55,192.168.10.5,202208150319,5,4,9,0,62821,1,1.20348,0.0,87,40,1.007929,0.000103,52,40,1
51.79.163.131,192.168.10.5,202208150318,6,31,37,0,80,1,2.01052,0.018772,64,64,12.115329,0.0,60,60,1
178.128.93.138,192.168.10.5,202208150319,5,3,8,0,6379,1,0.234718,0.0,66,52,0.234771,0.097401,60,52,1
185.150.24.69,192.168.10.5,202208150318,4,24,28,0,80,1,15.752561,9.869829,64,64,15.719958,0.33951,60,60,1
194.26.29.195,192.168.10.5,202208150319,3,1,4,0,49897,1,0.322336,0.026206,44,40,-10000,-10000,44,44,1
92.255.85.195,192.168.10.5,202208150319,10,8,18,0,19009,1,1.301816,0.000295,84,40,1.008687,9.6e-05,52,40,1
45.61.188.177,192.168.10.5,202208150319,7,4,11,0,22,1,23.175553,0.014325,60,40,23.352521,0.178614,75,44,1
20.187.160.69,192.168.10.5,202208150319,1,6,7,0,80,1,-10000,-10000,64,64,16.239622,1.010332,60,60,1
177.234.217.78,192.168.10.5,202208150319,2,0,2,0,445,1,0.003541,0.003541,40,40,-10000,-10000,-10000,-10000,1
20.195.92.241,192.168.10.5,202208150319,1,6,7,0,80,1,-10000,-10000,64,64,16.239577,1.021082,60,60,1
20.187.166.25,192.168.10.5,202208150319,1,6,7,0,80,1,-10000,-10000,64,64,16.239575,1.037692,60,60,1
89.248.163.239,192.168.10.5,202208150319,3,1,4,0,5458,1,0.232927,0.017876,44,40,-10000,-10000,44,44,1
61.177.173.50,192.168.10.5,202208150319,13,13,26,0,22,1,0.895764,0.0,908,52,0.663442,0.001348,676,52,1
20.187.163.157,192.168.10.5,202208150319,1,6,7,0,80,1,-10000,-10000,64,64,16.239549,1.017574,60,60,1
20.239.2.105,192.168.10.5,202208150319,2,12,14,0,80,1,30.865378,30.865378,64,64,16.239591,0.289733,60,60,1
193.124.7.9,192.168.10.5,202208150320,8,6,14,0,1337,1,1.30864,0.0,162,40,1.007528,0.000199,60,44,1
167.248.133.150,192.168.10.5,202208150320,2,1,3,0,3158,1,0.154356,0.154356,44,40,-10000,-10000,44,44,1
167.248.133.44,192.168.10.5,202208150320,14,10,24,0,3158,1,1.156401,1e-06,295,40,1.14786,0.000101,60,40,1
162.142.125.160,192.168.10.5,202208150320,2,1,3,0,3158,1,0.159399,0.159399,60,40,-10000,-10000,60,60,1
194.87.71.134,192.168.10.5,202208150317,20,12,32,0,23,1,46.881585,0.249864,60,52,47.145204,0.252333,60,52,1
192.241.205.169,192.168.10.5,202208150320,1,6,7,0,4443,1,-10000,-10000,44,44,16.239483,1.018604,44,44,1
92.255.85.195,192.168.10.5,202208150320,20,16,36,0,16389,2,9.370831,0.0,84,40,9.722548,0.0,52,40,1
61.177.173.52,192.168.10.5,202208150320,5,2,7,0,22,1,0.438557,0.000263,908,52,0.217852,0.217852,75,60,1
161.35.112.251,192.168.10.5,202208150320,6,4,10,0,9996,1,30.804363,0.0,44,40,1.194333,0.000148,44,40,1
128.14.141.44,192.168.10.5,202208150321,3,1,4,0,10243,1,0.163928,0.076228,44,40,-10000,-10000,44,44,1
154.20.193.88,192.168.10.5,202208150320,1,6,7,0,80,1,-10000,-10000,64,64,16.239559,1.008578,60,60,1
167.94.145.21,192.168.10.5,202208150321,2,1,3,0,51391,1,0.249951,0.249951,44,40,-10000,-10000,44,44,1
103.157.27.220,192.168.10.5,202208150320,1,6,7,0,80,1,-10000,-10000,64,64,16.239539,1.009042,60,60,1
167.94.145.57,192.168.10.5,202208150321,14,9,23,0,51391,1,1.252654,0.0,295,40,1.25274,0.0,60,52,1
128.14.141.43,192.168.10.5,202208150321,5,5,10,0,10243,1,1.194628,0.0,100,52,1.008679,0.000106,60,52,1
128.14.141.42,192.168.10.5,202208150321,34,34,68,0,10243,1,1.37274,0.0,868,52,1.373539,0.0,60,40,1
61.177.173.48,192.168.10.5,202208150321,14,14,28,0,22,1,0.914579,0.001196,908,40,0.679404,0.000104,676,52,1
212.192.246.198,192.168.10.5,202208150321,8,9,17,0,25,1,0.273163,0.000249,52,40,0.27266,0.0005,112,40,1
51.79.163.131,192.168.10.5,202208150320,10,45,55,0,80,1,3.304249,0.08222,64,64,4.897645,0.0,60,60,1
89.248.165.71,192.168.10.5,202208150321,3,1,4,0,54322,1,0.235671,0.046479,44,40,-10000,-10000,44,44,1
5.188.206.138,192.168.10.5,202208150321,5,4,9,0,33367,1,1.306536,0.000349,87,40,1.008154,0.000135,52,40,1
87.251.67.97,192.168.10.5,202208150321,4,4,8,0,3389,1,0.405185,0.0,87,40,0.292829,5.1e-05,59,40,1
185.150.24.69,192.168.10.5,202208150320,4,24,28,0,80,1,22.271425,6.268899,64,64,16.23956,0.032248,60,60,1
91.240.118.151,192.168.10.5,202208150321,3,1,4,0,1230,1,0.295179,0.000857,44,40,-10000,-10000,44,44,1
112.140.97.199,192.168.10.5,202208150321,1,6,7,0,8088,1,-10000,-10000,44,44,16.239624,1.025855,44,44,1
146.88.240.4,192.168.10.5,202208150322,1,0,0,1,1194,1,-10000,-10000,42,42,-10000,-10000,-10000,-10000,1
20.187.160.69,192.168.10.5,202208150321,1,6,7,0,80,1,-10000,-10000,64,64,16.239561,1.014028,60,60,1
20.195.92.241,192.168.10.5,202208150321,1,6,7,0,80,1,-10000,-10000,64,64,16.239608,1.03395,60,60,1
20.187.166.25,192.168.10.5,202208150321,1,6,7,0,80,1,-10000,-10000,64,64,16.239613,1.022963,60,60,1
172.172.30.2,192.168.10.5,202208150321,1,6,7,0,23,1,-10000,-10000,44,44,16.23931,1.035891,44,44,1
192.241.205.169,192.168.10.5,202208150322,6,5,11,0,4443,1,1.123344,0.0,198,52,1.008739,0.000103,60,52,1
192.241.209.85,192.168.10.5,202208150322,6,5,11,0,4443,1,1.137072,0.0,169,52,1.008231,0.0,60,52,1
211.21.190.232,192.168.10.5,202208150322,5,6,11,0,3391,1,1.062894,0.0,93,40,1.008779,0.0,52,40,1
114.33.252.98,192.168.10.5,202208150321,7,5,12,0,23,1,40.921933,0.007136,60,40,41.063703,0.140714,60,44,1
202.136.217.42,192.168.10.5,202208150322,3,1,4,0,445,1,0.73248,0.186763,44,40,-10000,-10000,44,44,1
61.177.173.52,192.168.10.5,202208150322,1,1,2,0,22,1,-10000,-10000,40,40,-10000,-10000,52,52,1
20.239.2.105,192.168.10.5,202208150322,2,12,14,0,80,1,27.444644,27.444644,64,64,16.235805,1.014432,60,60,1
20.187.163.157,192.168.10.5,202208150322,1,6,7,0,80,1,-10000,-10000,64,64,16.235805,1.032496,60,60,1
222.142.70.243,192.168.10.5,202208150322,8,6,14,0,23,1,40.93266,0.01219,60,40,41.031801,0.00035,60,44,1
163.172.164.176,192.168.10.5,202208150323,3,1,4,0,25561,1,0.268723,0.008338,44,40,-10000,-10000,44,44,1
34.168.32.154,192.168.10.5,202208150323,6,6,12,0,25561,1,1.107522,0.0,75,52,1.007713,0.0,60,52,1
199.127.62.141,192.168.10.5,202208150323,2,1,3,0,80,1,0.226385,0.226385,64,40,-10000,-10000,60,60,1
74.116.0.114,192.168.10.5,202208150323,1,0,0,1,5060,1,-10000,-10000,1491,1491,-10000,-10000,-10000,-10000,1
193.163.125.239,192.168.10.5,202208150322,1,6,7,0,8014,1,-10000,-10000,44,44,16.239603,1.030703,44,44,1
103.157.27.220,192.168.10.5,202208150323,1,6,7,0,80,1,-10000,-10000,64,64,16.240003,1.023713,60,60,1
194.26.29.86,192.168.10.5,202208150323,3,1,4,0,20133,1,0.282997,0.021463,44,40,-10000,-10000,44,44,1
192.168.3.115,172.29.148.192,202208150322,20,0,20,0,55443,1,12.915239,1.018605,60,60,-10000,-10000,-10000,-10000,0
138.122.99.26,192.168.10.5,202208150323,5,4,9,0,3390,1,1.181782,1e-06,83,40,1.008733,0.000189,52,40,1
187.19.226.206,192.168.10.5,202208150323,1,6,7,0,445,1,-10000,-10000,60,60,16.239637,1.011778,60,60,1
91.240.118.39,192.168.10.5,202208150324,3,1,4,0,8009,1,0.294967,0.003611,44,40,-10000,-10000,44,44,1
51.38.75.3,192.168.10.5,202208150324,4,3,7,0,3389,1,0.333387,0.002646,83,40,0.246555,0.091207,59,40,1
185.150.24.69,192.168.10.5,202208150323,4,24,28,0,80,1,8.24957,5.146146,64,64,8.252711,0.0,60,60,1
183.136.225.9,192.168.10.5,202208150323,19,31,50,0,2332,1,24.726383,0.0003,60,40,16.239604,0.000149,60,44,1
192.241.212.230,192.168.10.5,202208150323,1,6,7,0,50000,1,-10000,-10000,44,44,16.239596,1.037755,44,44,1
164.92.134.67,192.168.10.5,202208150323,6,4,10,0,1440,1,30.528167,0.0,44,40,1.362314,0.0,44,40,1
89.248.165.59,192.168.10.5,202208150324,3,1,4,0,2302,1,0.234169,0.019068,44,40,-10000,-10000,44,44,1
202.136.217.42,192.168.10.5,202208150324,3,13,16,0,445,1,5.85989,0.071237,48,48,13.662139,0.064449,48,48,1
20.195.92.241,192.168.10.5,202208150324,1,6,7,0,80,1,-10000,-10000,64,64,16.239506,1.029161,60,60,1
20.187.160.69,192.168.10.5,202208150324,1,6,7,0,80,1,-10000,-10000,64,64,16.243583,1.034643,60,60,1
179.60.149.55,192.168.10.5,202208150324,5,4,9,0,58309,1,1.181197,0.000306,87,40,1.008226,0.0,52,40,1
20.187.166.25,192.168.10.5,202208150324,1,6,7,0,80,1,-10000,-10000,64,64,16.239552,1.037694,60,60,1
212.192.246.198,192.168.10.5,202208150325,8,9,17,0,25,1,0.258239,0.000253,52,40,0.257839,0.000451,112,40,1
128.14.224.165,192.168.10.5,202208150325,2,1,3,0,8444,1,0.238018,0.238018,44,40,-10000,-10000,44,44,1
61.177.172.114,192.168.10.5,202208150325,14,18,32,0,22,1,4.585758,0.0,908,52,2.481026,0.000647,676,52,1
92.255.85.195,192.168.10.5,202208150325,10,8,18,0,8218,1,1.294898,0.0,84,40,1.007919,4.2e-05,52,40,1
192.168.3.116,172.29.148.192,202208150323,20,0,20,0,55443,1,12.841693,1.010829,60,60,-10000,-10000,-10000,-10000,0
20.187.163.157,192.168.10.5,202208150325,1,6,7,0,80,1,-10000,-10000,64,64,16.239614,1.010718,60,60,1
20.239.2.105,192.168.10.5,202208150324,2,12,14,0,80,1,31.675343,31.675343,64,64,16.239594,0.008796,60,60,1
49.142.188.6,192.168.10.5,202208150325,1,6,7,0,23,1,-10000,-10000,44,44,16.239549,1.010618,44,44,1
192.241.212.230,192.168.10.5,202208150325,5,5,10,0,50000,1,1.135618,0.000894,198,52,1.007576,0.000158,60,52,1
200.54.189.98,192.168.10.5,202208150325,8,7,15,0,5900,1,0.290793,0.0,68,40,0.290535,0.0003,68,52,1
51.15.244.103,192.168.10.5,202208150325,1,0,0,1,25565,1,-10000,-10000,35,35,-10000,-10000,-10000,-10000,1
162.142.125.248,192.168.10.5,202208150326,2,1,3,0,3771,1,0.186794,0.186794,44,40,-10000,-10000,44,44,1
43.153.63.216,192.168.10.5,202208150325,1,6,7,0,58652,1,-10000,-10000,44,44,16.239515,1.036493,44,44,1
162.142.125.221,192.168.10.5,202208150326,16,12,28,0,3771,1,1.171612,1e-06,295,40,1.163531,0.0,60,40,1
192.241.212.220,192.168.10.5,202208150325,1,6,7,0,5181,1,-10000,-10000,44,44,16.239642,1.016225,44,44,1
162.142.125.138,192.168.10.5,202208150326,2,1,3,0,8088,1,0.158144,0.158144,44,40,-10000,-10000,44,44,1
185.220.101.185,192.168.10.5,202208150326,5,4,9,0,8000,1,1.262793,0.042864,52,40,1.260769,0.0,52,40,1
162.142.125.160,192.168.10.5,202208150326,4,2,6,0,3771,2,14.860406,0.154653,60,40,15.0414,15.0414,60,60,1
162.142.125.9,192.168.10.5,202208150326,9,6,15,0,8088,1,1.15909,0.0,98,40,1.150703,0.0,60,40,1
107.170.20.63,192.168.10.5,202208150326,5,4,9,0,30222,1,1.180871,0.0,60,52,1.180651,0.0,60,52,1
103.157.27.220,192.168.10.5,202208150325,1,6,7,0,80,1,-10000,-10000,64,64,16.239742,1.037387,60,60,1
78.108.177.50,192.168.10.5,202208150326,4,4,8,0,8080,1,1.499035,0.0,48,48,1.496714,4.6e-05,48,40,1
61.164.49.126,192.168.10.5,202208150326,8,9,17,0,5900,1,0.48169,1e-06,68,52,0.480924,0.0004,68,52,1
185.150.24.69,192.168.10.5,202208150325,4,24,28,0,80,1,9.463168,4.146633,64,64,9.5375,0.064488,60,60,1
51.79.163.230,192.168.10.5,202208150326,17,72,89,0,80,1,3.392129,0.036043,64,64,3.09324,4.6e-05,60,60,1
193.142.147.45,192.168.10.5,202208150326,7,3,10,0,23,1,29.995819,0.0,60,40,0.365507,0.246111,60,44,1
91.240.118.151,192.168.10.5,202208150327,3,1,4,0,11238,1,0.290435,0.001197,44,40,-10000,-10000,44,44,1
20.195.92.241,192.168.10.5,202208150326,1,6,7,0,80,1,-10000,-10000,64,64,16.239603,1.010141,60,60,1
61.177.173.53,192.168.10.5,202208150327,14,12,26,0,22,1,0.248443,0.000591,908,52,0.299424,1e-06,676,52,1
20.187.160.69,192.168.10.5,202208150326,1,6,7,0,80,1,-10000,-10000,64,64,16.239587,1.009374,60,60,1
20.187.166.25,192.168.10.5,202208150326,1,6,7,0,80,1,-10000,-10000,64,64,16.23909,1.03035,60,60,1
192.168.10.4,192.168.10.5,202208150327,36,13,49,0,64297,1,5.038622,-1.5e-05,575,52,5.038678,0.0,3876,40,1
91.240.118.53,192.168.10.5,202208150327,3,1,4,0,12308,1,0.281843,0.002348,44,40,-10000,-10000,44,44,1
94.102.61.5,192.168.10.5,202208150327,7,11,18,0,8621,1,20.68208,0.000301,263,44,9.493219,0.000139,60,44,1
92.63.197.171,192.168.10.5,202208150327,3,1,4,0,60330,1,0.229679,0.0128,44,40,-10000,-10000,44,44,1
163.172.33.89,192.168.10.5,202208150327,4,4,8,0,52548,1,1.255626,0.00354,44,40,1.293427,0.0,44,40,1
108.53.203.170,192.168.10.5,202208150327,7,4,11,0,23,1,43.272306,0.023859,52,40,43.496247,0.23853,52,40,1
5.188.206.138,192.168.10.5,202208150327,5,4,9,0,33376,1,1.303305,0.000307,87,40,1.008572,0.0001,52,40,1
20.187.163.157,192.168.10.5,202208150327,1,6,7,0,80,1,-10000,-10000,64,64,16.239611,1.029203,60,60,1
20.239.2.105,192.168.10.5,202208150327,2,12,14,0,80,1,31.985339,31.985339,64,64,16.239895,0.224422,60,60,1
212.192.246.198,192.168.10.5,202208150328,8,9,17,0,25,1,0.24845,0.0,52,40,0.248048,0.0006,112,40,1
45.134.144.140,192.168.10.5,202208150328,5,5,10,0,10449,1,1.250812,0.0,309,52,1.008131,0.0001,60,52,1
182.253.71.35,192.168.10.5,202208150328,4,2,6,0,445,1,0.154933,0.001197,52,40,0.158749,0.158749,52,40,1
179.60.149.55,192.168.10.5,202208150328,5,4,9,0,57424,1,1.177013,0.0,87,40,1.008986,0.0,52,40,1
170.106.173.40,192.168.10.5,202208150328,21,17,38,0,30005,1,10.017878,0.0,295,40,10.184523,8.9e-05,60,52,1
94.228.120.251,192.168.10.5,202208150328,12,11,23,0,5432,1,0.285321,0.0,93,52,0.28554,4.3e-05,103,52,1
149.56.206.192,192.168.10.5,202208150328,7,6,13,0,5900,1,0.179665,0.0,68,52,0.1785,0.000399,68,52,1
103.157.27.220,192.168.10.5,202208150328,1,6,7,0,80,1,-10000,-10000,64,64,16.239449,1.027606,60,60,1
80.241.212.242,192.168.10.5,202208150329,7,6,13,0,5900,1,0.269022,0.0003,68,52,0.268968,0.0004,68,52,1
138.122.99.26,192.168.10.5,202208150329,5,4,9,0,3390,1,1.20941,0.000894,83,40,1.008233,0.0,52,40,1
61.102.195.103,192.168.10.5,202208150328,1,6,7,0,23,1,-10000,-10000,44,44,16.239096,1.018231,44,44,1
139.177.187.149,192.168.10.5,202208150328,1,6,7,0,80,1,-10000,-10000,64,64,16.239544,1.02462,60,60,1
185.150.24.69,192.168.10.5,202208150328,4,24,28,0,80,1,9.194148,4.929541,64,64,8.506302,0.257739,60,60,1
51.79.163.230,192.168.10.5,202208150328,9,38,47,0,80,1,2.924157,0.037841,64,64,9.799373,1e-06,60,60,1
20.195.92.241,192.168.10.5,202208150329,1,6,7,0,80,1,-10000,-10000,64,64,16.239532,1.021155,60,60,1
20.187.160.69,192.168.10.5,202208150329,1,6,7,0,80,1,-10000,-10000,64,64,16.243507,1.015574,60,60,1
20.187.166.25,192.168.10.5,202208150329,1,6,7,0,80,1,-10000,-10000,64,64,16.239607,1.014274,60,60,1
61.177.173.35,192.168.10.5,202208150330,11,12,23,0,22,1,0.873696,0.000508,908,52,0.643356,0.001449,676,52,1
23.225.163.210,192.168.10.5,202208150330,2,1,3,0,8008,1,0.111426,0.111426,44,40,-10000,-10000,44,44,1
62.168.231.107,192.168.10.5,202208150330,2,1,3,0,23,1,0.321433,0.321433,44,40,-10000,-10000,44,44,1
192.241.212.220,192.168.10.5,202208150330,6,5,11,0,5181,1,1.121853,0.0,60,52,1.008277,5.5e-05,60,52,1
20.239.2.105,192.168.10.5,202208150329,2,12,14,0,80,1,28.24592,28.24592,64,64,16.239582,0.354591,60,60,1
20.187.163.157,192.168.10.5,202208150330,1,6,7,0,80,1,-10000,-10000,64,64,16.239642,1.00917,60,60,1
177.21.130.171,192.168.10.5,202208150330,1,6,7,0,23,1,-10000,-10000,44,44,16.239799,1.008135,44,44,1
85.97.122.145,192.168.10.5,202208150328,346,228,574,0,445,1,31.636576,0.0,1454,40,31.83153,0.0,221,40,1
179.60.149.55,192.168.10.5,202208150331,10,8,18,0,57695,2,24.954528,0.000298,87,40,25.124759,1e-06,52,40,1
103.157.27.220,192.168.10.5,202208150331,1,6,7,0,80,1,-10000,-10000,64,64,16.239511,1.007202,60,60,1
91.240.118.71,192.168.10.5,202208150331,3,1,4,0,24943,1,0.293729,0.007736,44,40,-10000,-10000,44,44,1
39.98.139.91,192.168.10.5,202208150331,9,5,14,0,6379,1,0.24875,0.0,66,40,0.257185,0.0,60,40,1
161.35.8.175,192.168.10.5,202208150331,68,66,134,0,7443,1,1.196034,0.0,496,40,1.009134,0.0,60,44,1
135.148.132.40,192.168.10.5,202208150331,2,12,14,0,80,1,5.29207,5.29207,64,64,10.82613,0.777253,60,60,1
45.148.10.81,192.168.10.5,202208150331,1,0,1,0,80,1,-10000,-10000,86,86,-10000,-10000,-10000,-10000,1
167.94.138.102,192.168.10.5,202208150331,2,1,3,0,1194,1,0.202272,0.202272,44,40,-10000,-10000,44,44,1
185.150.24.69,192.168.10.5,202208150330,4,24,28,0,80,1,12.600631,1.317888,64,64,9.022121,0.25778,60,60,1
212.192.246.198,192.168.10.5,202208150331,8,9,17,0,25,1,0.257117,0.0,52,40,0.256779,0.000345,112,40,1
167.94.138.60,192.168.10.5,202208150331,26,18,44,0,1194,1,1.212186,0.0,295,40,1.219195,9.4e-05,60,40,1
162.142.125.160,192.168.10.5,202208150332,2,1,3,0,1194,1,0.140029,0.140029,60,40,-10000,-10000,60,60,1
80.82.77.139,192.168.10.5,202208150332,14,11,25,0,8069,1,2.373594,0.003592,307,40,2.641462,5.6e-05,60,44,1
51.79.163.230,192.168.10.5,202208150331,1,6,7,0,80,1,-10000,-10000,64,64,16.23961,1.007674,60,60,1
20.195.92.241,192.168.10.5,202208150331,1,6,7,0,80,1,-10000,-10000,64,64,16.239635,1.043055,60,60,1
195.158.5.18,192.168.10.5,202208150332,7,6,13,0,5900,1,0.497801,0.0,68,52,0.496455,0.000399,68,52,1
119.203.163.188,192.168.10.5,202208150331,1,6,7,0,23,1,-10000,-10000,44,44,16.239473,1.035188,44,44,1
20.187.160.69,192.168.10.5,202208150332,1,6,7,0,80,1,-10000,-10000,64,64,16.239536,1.016608,60,60,1
20.187.166.25,192.168.10.5,202208150332,1,6,7,0,80,1,-10000,-10000,64,64,16.239253,1.01656,60,60,1
14.99.168.130,192.168.10.5,202208150332,2,1,3,0,1433,1,0.128096,0.128096,44,40,-10000,-10000,44,44,1
194.44.57.240,192.168.10.5,202208150332,6,5,11,0,5555,1,1.306857,0.002388,189,52,0.966652,0.001199,199,52,1
62.204.41.80,192.168.10.5,202208150332,3,1,4,0,23563,1,0.291332,0.003541,44,40,-10000,-10000,44,44,1
20.239.2.105,192.168.10.5,202208150332,2,12,14,0,80,1,28.249817,28.249817,64,64,16.239655,0.289977,60,60,1
20.187.163.157,192.168.10.5,202208150332,1,6,7,0,80,1,-10000,-10000,64,64,16.239568,1.030453,60,60,1
103.157.27.220,192.168.10.5,202208150333,1,6,7,0,80,1,-10000,-10000,64,64,16.239532,1.026905,60,60,1
94.102.61.39,192.168.10.5,202208150333,6,10,16,0,3940,1,20.109841,1e-06,60,44,10.05931,0.000242,60,44,1
45.61.188.191,192.168.10.5,202208150334,2,1,3,0,1080,1,0.170974,0.170974,44,40,-10000,-10000,44,44,1
138.122.99.26,192.168.10.5,202208150334,5,4,9,0,3390,1,1.2116,0.001196,83,40,1.008339,0.0,52,40,1
61.177.173.49,192.168.10.5,202208150334,15,18,33,0,22,1,1.949458,0.001496,908,40,2.196124,0.000692,676,52,1
192.241.236.109,192.168.10.5,202208150332,6,11,17,0,8006,1,86.286254,0.0,198,44,54.523213,0.000306,60,44,1
185.150.24.69,192.168.10.5,202208150333,4,24,28,0,80,1,13.537729,1.745348,64,64,7.737158,0.289924,60,60,1
23.225.163.210,192.168.10.5,202208150334,54,60,114,0,8008,1,3.80474,0.0,144,40,3.920309,0.0,64,48,1
103.114.104.92,192.168.10.5,202208150334,6,7,13,0,25,1,0.145922,0.001139,52,40,0.145327,0.000504,112,40,1
2.57.122.209,192.168.10.5,202208150334,1,0,0,1,5093,1,-10000,-10000,34,34,-10000,-10000,-10000,-10000,1
20.195.92.241,192.168.10.5,202208150334,1,6,7,0,80,1,-10000,-10000,64,64,16.239451,1.030501,60,60,1
220.77.145.213,192.168.10.5,202208150334,3,1,4,0,4200,1,0.055415,0.002391,44,40,-10000,-10000,44,44,1
20.187.160.69,192.168.10.5,202208150334,1,6,7,0,80,1,-10000,-10000,64,64,16.239866,1.013938,60,60,1
91.240.118.183,192.168.10.5,202208150335,3,1,4,0,22282,1,0.310416,0.005937,44,40,-10000,-10000,44,44,1
20.187.166.25,192.168.10.5,202208150334,1,6,7,0,80,1,-10000,-10000,64,64,16.239974,1.026012,60,60,1
112.197.225.71,192.168.10.5,202208150335,6,5,11,0,5555,1,1.135231,0.00026,189,52,0.965159,0.002999,199,52,1
212.192.246.198,192.168.10.5,202208150335,8,9,17,0,25,1,0.274073,0.002696,52,40,0.273572,0.000503,112,40,1
179.60.149.55,192.168.10.5,202208150335,5,4,9,0,55714,1,1.186832,0.000298,87,40,1.008513,0.0,52,40,1
216.218.206.113,192.168.10.5,202208150335,1,0,0,1,37810,1,-10000,-10000,29,29,-10000,-10000,-10000,-10000,1
61.177.172.98,192.168.10.5,202208150335,13,14,27,0,22,1,2.20214,4.4e-05,908,52,2.159638,0.000248,699,52,1
51.38.75.3,192.168.10.5,202208150335,4,3,7,0,3389,1,0.284205,0.000592,83,40,0.257595,0.0379,59,40,1
64.62.197.171,192.168.10.5,202208150335,2,1,3,0,44818,1,0.125702,0.125702,44,40,-10000,-10000,44,44,1
185.246.130.193,192.168.10.5,202208150335,2,1,3,0,80,1,0.288048,0.288048,44,40,-10000,-10000,44,44,1
45.143.200.118,192.168.10.5,202208150335,4,4,8,0,3414,1,1.305721,0.000291,87,40,1.008655,6e-05,52,40,1
20.239.2.105,192.168.10.5,202208150334,2,12,14,0,80,1,28.427485,28.427485,64,64,16.23991,0.28994,60,60,1
89.248.165.118,192.168.10.5,202208150335,3,1,4,0,53890,1,0.235381,0.017867,44,40,-10000,-10000,44,44,1
103.149.192.164,192.168.10.5,202208150335,1,6,7,0,443,1,-10000,-10000,44,44,16.240098,1.007515,44,44,1
20.187.163.157,192.168.10.5,202208150335,1,6,7,0,80,1,-10000,-10000,64,64,16.240047,1.033223,60,60,1
64.62.197.167,192.168.10.5,202208150336,5,5,10,0,44818,1,1.140324,0.0,64,40,1.008713,0.0,48,40,1
172.81.61.6,192.168.10.5,202208150336,6,5,11,0,5900,1,0.29493,0.017873,52,40,0.24576,0.124757,52,40,1
89.248.163.140,192.168.10.5,202208150336,3,1,4,0,33888,1,0.225856,0.05238,44,40,-10000,-10000,44,44,1
89.248.165.71,192.168.10.5,202208150336,3,1,4,0,3131,1,0.238934,0.013107,44,40,-10000,-10000,44,44,1
86.57.226.42,192.168.10.5,202208150336,4,4,8,0,3391,1,11.372467,0.308655,52,40,11.685384,1e-06,52,40,1
61.177.172.104,192.168.10.5,202208150336,5,2,7,0,22,1,0.533853,1e-06,908,52,0.229187,0.229187,75,60,1
167.94.138.146,192.168.10.5,202208150336,2,1,3,0,48020,1,0.19869,0.19869,44,40,-10000,-10000,44,44,1
165.22.98.146,192.168.10.5,202208150336,6,4,10,0,9985,1,30.908084,0.0,44,40,1.101194,0.000198,44,40,1
103.157.27.220,192.168.10.5,202208150336,1,6,7,0,80,1,-10000,-10000,64,64,16.240055,1.02518,60,60,1
176.111.174.128,192.168.10.5,202208150336,3,1,4,0,3315,1,0.30802,0.002392,44,40,-10000,-10000,44,44,1
167.94.138.62,192.168.10.5,202208150336,14,11,25,0,48020,1,1.264315,0.0,295,40,1.205305,1e-06,60,40,1
103.149.192.191,192.168.10.5,202208150336,9,9,18,0,443,1,0.285094,0.0,287,52,0.283257,0.0,1454,40,1
162.142.125.160,192.168.10.5,202208150336,2,1,3,0,48020,1,0.138868,0.138868,60,40,-10000,-10000,60,60,1
185.150.24.69,192.168.10.5,202208150336,4,24,28,0,80,1,15.027135,4.248416,64,64,7.692863,0.0,60,60,1
179.60.149.55,192.168.10.5,202208150337,5,4,9,0,65444,1,1.188332,0.000896,87,40,1.008067,0.0,52,40,1
135.148.132.40,192.168.10.5,202208150336,2,7,9,0,80,1,1.623008,1.623008,64,64,16.239971,0.599812,60,60,1
20.195.92.241,192.168.10.5,202208150336,1,6,7,0,80,1,-10000,-10000,64,64,16.239967,1.009786,60,60,1
128.14.224.165,192.168.10.5,202208150337,25,24,49,0,8444,1,1.272352,0.00026,235,52,1.258532,0.0,60,52,1
194.26.29.169,192.168.10.5,202208150337,3,1,4,0,33713,1,0.287792,0.05242,44,40,-10000,-10000,44,44,1
62.233.50.217,192.168.10.5,202208150337,3,1,4,0,39769,1,0.302374,0.002093,44,40,-10000,-10000,44,44,1
209.141.32.234,192.168.10.5,202208150337,1,0,0,1,53,1,-10000,-10000,58,58,-10000,-10000,-10000,-10000,1
20.187.160.69,192.168.10.5,202208150337,1,6,7,0,80,1,-10000,-10000,64,64,16.240003,1.015991,60,60,1
182.253.71.35,192.168.10.5,202208150331,13,51,64,0,445,1,120.24339,0.000591,177,40,57.742491,0.010485,133,40,1
104.200.141.10,192.168.10.5,202208150337,2,0,0,2,5060,1,1e-06,1e-06,987,544,-10000,-10000,-10000,-10000,1
20.187.166.25,192.168.10.5,202208150337,1,6,7,0,80,1,-10000,-10000,64,64,16.239739,1.037917,60,60,1
94.102.61.33,192.168.10.5,202208150337,1,0,0,1,4343,1,-10000,-10000,57,57,-10000,-10000,-10000,-10000,1
5.188.206.138,192.168.10.5,202208150338,5,4,9,0,33331,1,1.297656,0.0,87,40,1.008799,0.000108,52,40,1
35.245.91.174,192.168.10.5,202208150337,1,6,7,0,25570,1,-10000,-10000,44,44,16.239996,1.027419,44,44,1
122.116.242.99,192.168.10.5,202208150337,7,4,11,0,23,1,40.952253,0.015728,52,40,40.995053,0.045306,52,40,1
182.185.178.236,192.168.10.5,202208150337,72,43,115,0,1433,1,29.344776,0.000809,1296,40,29.344784,9.7e-05,114,40,1
20.239.2.105,192.168.10.5,202208150337,2,12,14,0,80,1,28.846099,28.846099,64,64,16.235898,0.197389,60,60,1
147.203.255.20,192.168.10.5,202208150338,1,0,0,1,1900,1,-10000,-10000,127,127,-10000,-10000,-10000,-10000,1
61.177.172.104,192.168.10.5,202208150338,1,2,3,0,22,1,-10000,-10000,40,40,0.680483,0.680483,52,52,1
20.187.163.157,192.168.10.5,202208150338,1,6,7,0,80,1,-10000,-10000,64,64,16.239954,1.035954,60,60,1
192.241.222.79,192.168.10.5,202208150337,7,11,18,0,2181,1,73.79638,0.0,60,44,42.092354,4.5e-05,60,44,1
212.192.246.198,192.168.10.5,202208150338,8,9,17,0,25,1,0.264867,0.001495,52,40,0.263551,0.000551,112,40,1
61.177.173.36,192.168.10.5,202208150338,13,12,25,0,22,1,4.837908,0.001159,908,52,5.131954,0.000294,676,52,1
194.26.29.169,192.168.10.5,202208150338,3,1,4,0,35189,1,0.302072,0.015473,44,40,-10000,-10000,44,44,1
94.228.120.251,192.168.10.5,202208150339,12,11,23,0,5432,1,0.293396,0.0,93,52,0.294185,4.8e-05,103,52,1
192.241.236.173,192.168.10.5,202208150338,1,6,7,0,18091,1,-10000,-10000,44,44,16.239941,1.037853,44,44,1
65.166.240.220,192.168.10.5,202208150339,16,11,27,0,22,1,1.246982,0.000209,1454,52,1.428995,0.000148,676,52,1
182.253.71.35,192.168.10.5,202208150338,3,10,13,0,445,1,0.122403,0.0,177,40,6.18667,0.011153,133,40,1
74.116.0.114,192.168.10.5,202208150339,1,0,0,1,5060,1,-10000,-10000,1489,1489,-10000,-10000,-10000,-10000,1
146.88.240.4,192.168.10.5,202208150339,1,0,0,1,111,1,-10000,-10000,68,68,-10000,-10000,-10000,-10000,1
103.157.27.220,192.168.10.5,202208150338,1,6,7,0,80,1,-10000,-10000,64,64,16.236204,1.013789,60,60,1
45.142.201.132,192.168.10.5,202208150339,4,2,6,0,465,1,5.004738,0.232336,60,52,5.238186,5.238186,60,52,1
138.122.99.26,192.168.10.5,202208150339,5,4,9,0,3390,1,1.176697,0.000307,83,40,1.007551,0.0,52,40,1
220.89.108.55,192.168.10.5,202208150339,7,4,11,0,23,1,30.793979,0.043766,60,40,30.83882,0.046267,60,44,1
185.150.24.69,192.168.10.5,202208150338,4,24,28,0,80,1,15.918605,4.669874,64,64,8.249321,0.354038,60,60,1
20.195.92.241,192.168.10.5,202208150339,1,6,7,0,80,1,-10000,-10000,64,64,16.23957,1.02886,60,60,1
143.198.32.212,192.168.10.5,202208150339,6,4,10,0,50014,1,29.277668,0.0,44,40,1.163901,0.0,44,40,1
64.62.197.98,192.168.10.5,202208150340,1,1,2,0,84,1,-10000,-10000,44,44,-10000,-10000,40,40,1
20.187.160.69,192.168.10.5,202208150339,1,6,7,0,80,1,-10000,-10000,64,64,16.239895,1.022443,60,60,1
20.187.166.25,192.168.10.5,202208150339,1,6,7,0,80,1,-10000,-10000,64,64,16.243937,1.029869,60,60,1
92.63.197.171,192.168.10.5,202208150340,3,1,4,0,60316,1,0.232101,0.006834,44,40,-10000,-10000,44,44,1
185.255.89.134,192.168.10.5,202208150340,5,5,10,0,8088,1,1.328653,0.000898,304,40,1.007688,2.2e-05,52,40,1
162.142.125.251,192.168.10.5,202208150340,2,1,3,0,42550,1,0.16024,0.16024,44,40,-10000,-10000,44,44,1
162.142.125.9,192.168.10.5,202208150340,14,9,23,0,42550,1,1.166256,0.0,295,40,1.156673,9.8e-05,60,52,1
162.142.125.160,192.168.10.5,202208150340,2,1,3,0,42550,1,0.159398,0.159398,60,40,-10000,-10000,60,60,1
20.239.2.105,192.168.10.5,202208150339,2,12,14,0,80,1,30.234494,30.234494,64,64,16.239884,0.543689,60,60,1
20.187.163.157,192.168.10.5,202208150340,1,6,7,0,80,1,-10000,-10000,64,64,16.240122,1.020259,60,60,1
54.91.59.199,192.168.10.5,202208150341,7,12,19,0,44168,1,0.198437,0.000305,5036,52,0.185409,0.0,569,52,1
200.54.189.98,192.168.10.5,202208150341,8,7,15,0,5900,1,0.313648,1e-06,68,40,0.312353,0.000348,68,52,1
45.61.187.156,192.168.10.5,202208150340,11,7,18,0,5555,1,45.619966,0.0,468,40,2.076795,0.000299,199,44,1
61.177.173.49,192.168.10.5,202208150341,14,17,31,0,22,1,2.424517,1e-06,908,52,2.685048,0.001196,699,52,1
141.98.6.162,192.168.10.5,202208150341,8,6,14,0,7000,1,1.251167,0.000307,123,40,1.007653,0.000106,60,44,1
115.160.44.19,192.168.10.5,202208150340,40,36,76,0,23,1,30.653764,0.0,52,40,30.73763,0.00045,356,40,1
192.168.3.115,172.29.148.192,202208150340,20,0,20,0,55443,1,12.916855,1.003802,60,60,-10000,-10000,-10000,-10000,0
119.23.250.61,192.168.10.5,202208150341,3,1,4,0,2376,1,0.214155,0.042937,44,40,-10000,-10000,44,44,1
94.102.61.29,192.168.10.5,202208150341,1,0,0,1,30718,1,-10000,-10000,57,57,-10000,-10000,-10000,-10000,1
103.157.27.220,192.168.10.5,202208150341,1,6,7,0,80,1,-10000,-10000,64,64,16.239844,1.007193,60,60,1
46.71.84.119,192.168.10.5,202208150342,6,6,12,0,5555,1,1.310476,0.0,189,52,0.96552,0.0,199,52,1
212.192.246.198,192.168.10.5,202208150342,8,9,17,0,25,1,0.261533,1e-06,52,40,0.260983,0.0007,112,40,1
149.56.206.192,192.168.10.5,202208150342,7,6,13,0,5900,1,0.176683,1e-06,68,52,0.177011,0.000466,68,52,1
80.241.212.242,192.168.10.5,202208150342,7,6,13,0,5900,1,0.448035,0.000298,68,52,0.447887,0.000402,68,52,1
185.150.24.69,192.168.10.5,202208150341,4,24,28,0,80,1,16.760734,4.813087,64,64,8.248823,0.0964,60,60,1
192.168.10.4,192.168.10.5,202208150342,32,11,43,0,64297,1,4.999155,-1.6e-05,575,52,5.039614,0.00011,3876,52,1
20.195.92.241,192.168.10.5,202208150342,1,6,7,0,80,1,-10000,-10000,64,64,16.239882,1.038801,60,60,1
192.241.236.173,192.168.10.5,202208150342,5,5,10,0,18091,1,1.12932,0.0,198,52,1.008254,0.000101,60,52,1
194.26.29.86,192.168.10.5,202208150342,3,1,4,0,45289,1,0.27821,0.022664,44,40,-10000,-10000,44,44,1
89.248.165.71,192.168.10.5,202208150342,3,1,4,0,6211,1,0.229688,0.009233,44,40,-10000,-10000,44,44,1
182.253.71.35,192.168.10.5,202208150340,3,12,15,0,445,1,0.171274,0.000898,177,40,51.785171,0.010218,133,40,1
20.187.160.69,192.168.10.5,202208150342,1,6,7,0,80,1,-10000,-10000,64,64,16.239917,1.016488,60,60,1
61.222.19.133,192.168.10.5,202208150342,5,7,12,0,3391,1,1.120069,0.0,93,40,1.040997,1e-06,52,40,1
20.187.166.25,192.168.10.5,202208150342,1,6,7,0,80,1,-10000,-10000,64,64,16.239829,1.011904,60,60,1
27.124.5.25,192.168.10.5,202208150343,2,1,3,0,9080,1,0.051814,0.051814,44,40,-10000,-10000,44,44,1
192.241.221.54,192.168.10.5,202208150342,6,11,17,0,3001,1,70.537571,1e-06,169,44,38.850654,0.000207,60,44,1
44.201.100.165,192.168.10.5,202208150343,11,10,21,0,1900,1,1.188915,0.0,291,52,1.008397,0.0001,60,52,1
20.239.2.105,192.168.10.5,202208150342,2,12,14,0,80,1,30.644511,30.644511,64,64,16.239606,0.129097,60,60,1
171.125.214.241,192.168.10.5,202208150343,9,7,16,0,23,1,40.356857,0.0,60,40,40.453265,4.4e-05,60,40,1
20.187.163.157,192.168.10.5,202208150343,1,6,7,0,80,1,-10000,-10000,64,64,16.239854,1.027774,60,60,1
164.92.149.149,192.168.10.5,202208150343,6,4,10,0,9992,1,30.749009,0.000295,44,40,1.252613,9.7e-05,44,40,1
43.130.57.239,192.168.10.5,202208150343,15,17,32,0,7081,1,11.488751,0.0,136,40,8.496209,0.0,60,52,1
179.60.147.161,192.168.10.5,202208150344,16,20,36,0,22,1,1.249116,0.000349,2084,52,0.971808,0.001149,699,52,1
192.168.3.116,172.29.148.192,202208150343,20,0,20,0,55443,1,12.841145,1.009197,60,60,-10000,-10000,-10000,-10000,0
61.164.49.126,192.168.10.5,202208150344,7,6,13,0,5900,1,0.193047,1e-06,68,52,0.192603,0.0005,68,52,1
103.157.27.220,192.168.10.5,202208150344,1,6,7,0,80,1,-10000,-10000,64,64,16.243821,1.038949,60,60,1
138.122.99.26,192.168.10.5,202208150344,5,4,9,0,3390,1,1.229149,0.0,83,40,1.008139,0.000101,52,40,1
94.102.61.2,192.168.10.5,202208150344,6,11,17,0,2001,1,25.127935,0.0,263,44,9.570316,0.0001,60,44,1
89.248.165.154,192.168.10.5,202208150344,8,5,13,0,9200,1,0.238925,0.000295,169,40,0.320141,0.003145,546,44,1
137.220.233.94,192.168.10.5,202208150344,1,0,0,1,1701,1,-10000,-10000,88,88,-10000,-10000,-10000,-10000,1
185.150.24.69,192.168.10.5,202208150343,4,24,28,0,80,1,16.946503,4.052858,64,64,8.248842,0.128845,60,60,1
20.195.92.241,192.168.10.5,202208150344,1,6,7,0,80,1,-10000,-10000,64,64,16.239516,1.031062,60,60,1
185.196.220.81,192.168.10.5,202208150345,7,5,12,0,81,1,1.707861,0.0,81,52,1.995962,0.0009,489,40,1
212.192.246.198,192.168.10.5,202208150345,8,9,17,0,25,1,0.246359,0.001494,52,40,0.245816,0.000551,112,40,1
61.177.172.19,192.168.10.5,202208150345,12,13,25,0,22,1,0.998219,0.000279,908,52,0.998458,0.000298,699,52,1
20.187.160.69,192.168.10.5,202208150345,1,6,7,0,80,1,-10000,-10000,64,64,16.243803,1.013733,60,60,1
20.187.166.25,192.168.10.5,202208150345,1,6,7,0,80,1,-10000,-10000,64,64,16.239762,1.034951,60,60,1
45.12.6.88,192.168.10.5,202208150220,18987,22980,41967,0,5900,1,13.105772,0.0,56,40,6.275014,0.0,56,40,1
221.160.146.224,192.168.10.5,202208150346,6,5,11,0,5555,1,1.056675,0.000294,189,52,0.966661,0.002647,199,52,1
20.239.2.105,192.168.10.5,202208150345,2,12,14,0,80,1,30.98848,30.98848,64,64,16.239258,0.386575,60,60,1
45.143.203.95,192.168.10.5,202208150346,3,1,4,0,23887,1,0.228484,0.014023,44,40,-10000,-10000,44,44,1
20.187.163.157,192.168.10.5,202208150345,1,6,7,0,80,1,-10000,-10000,64,64,16.239979,1.012492,60,60,1
114.33.189.152,192.168.10.5,202208150345,7,4,11,0,23,1,41.66716,0.211812,60,40,41.933309,0.273465,60,44,1
103.114.104.92,192.168.10.5,202208150346,7,7,14,0,25,1,0.246956,0.032096,52,40,0.344297,0.0006,112,40,1
51.38.75.3,192.168.10.5,202208150346,4,3,7,0,3389,1,0.40156,0.0,83,40,0.251149,0.148916,59,40,1
92.255.85.195,192.168.10.5,202208150346,10,8,18,0,1538,1,1.307766,0.000299,84,40,1.008295,9.9e-05,52,40,1
195.158.5.18,192.168.10.5,202208150346,7,6,13,0,5900,1,0.252898,0.0,68,52,0.253447,0.000402,68,52,1
103.157.27.220,192.168.10.5,202208150346,1,6,7,0,80,1,-10000,-10000,64,64,16.239749,1.041543,60,60,1
117.144.178.162,192.168.10.5,202208150346,9,10,19,0,22,1,6.756878,0.001714,492,52,6.716497,0.002147,676,52,1
167.94.145.26,192.168.10.5,202208150347,2,1,3,0,5402,1,0.243661,0.243661,44,40,-10000,-10000,44,44,1
167.94.145.59,192.168.10.5,202208150347,13,9,22,0,5402,1,1.260094,0.0,295,52,1.253602,0.0,60,52,1
179.60.149.55,192.168.10.5,202208150347,5,4,9,0,59208,1,1.176988,0.001185,87,40,1.008341,0.000147,52,40,1
185.150.24.69,192.168.10.5,202208150346,4,24,28,0,80,1,16.971483,4.309083,64,64,8.248762,0.128948,60,60,1
61.177.173.39,192.168.10.5,202208150347,14,13,27,0,22,1,0.837366,1e-06,908,52,0.656826,0.001,676,52,1
194.26.29.195,192.168.10.5,202208150347,3,1,4,0,33381,1,0.27972,0.044997,44,40,-10000,-10000,44,44,1
197.55.117.40,192.168.10.5,202208150347,17,12,29,0,23,1,28.752949,0.138484,60,40,29.086769,0.152563,60,44,1
120.48.3.88,192.168.10.5,202208150347,5,4,9,0,6379,1,0.257389,0.000303,66,52,0.257443,0.000348,60,52,1
20.195.92.241,192.168.10.5,202208150347,1,6,7,0,80,1,-10000,-10000,64,64,16.235698,1.025356,60,60,1
20.187.160.69,192.168.10.5,202208150347,1,6,7,0,80,1,-10000,-10000,64,64,16.239719,1.034296,60,60,1
20.187.166.25,192.168.10.5,202208150347,1,6,7,0,80,1,-10000,-10000,64,64,16.239666,1.018832,60,60,1
192.241.237.56,192.168.10.5,202208150347,6,11,17,0,8009,1,55.345596,0.001466,169,44,23.552968,0.0,837,44,1
118.232.38.166,192.168.10.5,202208150347,8,7,15,0,23,1,40.272611,0.033687,60,40,40.322031,0.102139,60,44,1
192.241.220.21,192.168.10.5,202208150348,1,6,7,0,8040,1,-10000,-10000,44,44,16.239751,1.020312,44,44,1
61.177.173.46,192.168.10.5,202208150348,14,12,26,0,22,1,0.821623,0.0,908,52,0.601232,0.001199,676,52,1
185.142.239.16,192.168.10.5,202208150348,19,15,34,0,5598,1,2.227651,0.0,307,40,2.478108,0.0,60,44,1
20.239.2.105,192.168.10.5,202208150347,2,12,14,0,80,1,30.97917,30.97917,64,64,16.239667,0.225589,60,60,1
212.192.246.198,192.168.10.5,202208150348,8,9,17,0,25,1,0.258277,0.001194,52,40,0.258477,0.000451,112,40,1
122.175.50.75,192.168.10.5,202208150348,8,7,15,0,5900,1,0.209715,0.0006,68,40,0.163236,0.0004,68,52,1
20.187.163.157,192.168.10.5,202208150348,1,6,7,0,80,1,-10000,-10000,64,64,16.239624,1.038885,60,60,1
94.228.120.251,192.168.10.5,202208150349,9,11,20,0,5432,1,0.314303,0.0,93,52,0.314348,0.0001,103,52,1
209.141.57.19,192.168.10.5,202208150349,1,0,0,1,8000,1,-10000,-10000,110,110,-10000,-10000,-10000,-10000,1
103.157.27.220,192.168.10.5,202208150349,1,6,7,0,80,1,-10000,-10000,64,64,16.2397,1.015682,60,60,1
43.226.152.7,192.168.10.5,202208150349,5,3,8,0,6379,1,0.260088,0.000849,66,52,0.260183,0.242863,60,52,1
194.26.29.152,192.168.10.5,202208150349,3,1,4,0,48491,1,0.267822,0.013975,44,40,-10000,-10000,44,44,1
161.97.75.197,192.168.10.5,202208150349,4,4,8,0,8545,1,30.712181,0.272519,44,40,1.280811,0.0,44,40,1
138.122.99.26,192.168.10.5,202208150349,5,4,9,0,3390,1,1.187712,0.000293,83,40,1.007963,0.000154,52,40,1
45.83.64.57,192.168.10.5,202208150349,2,1,3,0,3306,1,0.238022,0.238022,44,40,-10000,-10000,44,44,1
45.83.64.129,192.168.10.5,202208150349,5,3,8,0,3306,1,0.244606,0.000896,60,52,0.244362,0.243611,108,52,1
202.142.179.115,192.168.10.5,202208150349,5,3,8,0,6379,1,0.257099,0.000299,66,52,0.25729,0.182008,60,52,1
185.150.24.69,192.168.10.5,202208150349,4,24,28,0,80,1,17.630449,4.06835,64,64,8.248694,0.165554,60,60,1
89.109.175.48,192.168.10.5,202208150349,2,12,14,0,80,1,1.953328,1.953328,64,64,14.173441,0.100726,60,60,1
20.195.92.241,192.168.10.5,202208150349,1,6,7,0,80,1,-10000,-10000,64,64,16.239646,1.029015,60,60,1
103.44.18.68,192.168.10.5,202208150350,5,5,10,0,3391,1,1.176376,0.000898,93,40,1.008092,9.8e-05,52,40,1
192.241.220.21,192.168.10.5,202208150350,5,5,10,0,8040,1,1.1299,0.0,169,52,1.008292,1e-06,60,52,1
20.25.32.186,192.168.10.5,202208150350,5,5,10,0,10441,1,1.17253,0.000297,557,40,1.00773,0.0001,52,40,1
120.48.156.86,192.168.10.5,202208150350,2,1,3,0,6379,1,1.262457,1.262457,60,40,-10000,-10000,60,60,1
94.102.61.36,192.168.10.5,202208150350,1,0,0,1,9011,1,-10000,-10000,57,57,-10000,-10000,-10000,-10000,1
20.187.160.69,192.168.10.5,202208150350,1,6,7,0,80,1,-10000,-10000,64,64,16.239522,1.03455,60,60,1
20.187.166.25,192.168.10.5,202208150350,1,6,7,0,80,1,-10000,-10000,64,64,16.243569,1.012785,60,60,1
179.60.149.55,192.168.10.5,202208150350,5,4,9,0,63194,1,1.174014,0.000866,87,40,1.007435,0.0,52,40,1
203.12.200.203,192.168.10.5,202208150350,12,15,27,0,22,1,1.07064,1e-06,492,52,0.974194,0.000114,676,52,1
161.35.98.96,192.168.10.5,202208150350,14,14,28,0,22,1,1.191594,1e-06,492,52,0.973489,0.001048,676,52,1
219.147.194.122,192.168.10.5,202208150350,1,6,7,0,18742,1,-10000,-10000,60,60,16.239733,1.017922,60,60,1
20.239.2.105,192.168.10.5,202208150350,2,12,14,0,80,1,35.155298,35.155298,64,64,16.239731,1.033441,60,60,1
20.187.163.157,192.168.10.5,202208150351,1,6,7,0,80,1,-10000,-10000,64,64,16.239773,1.03372,60,60,1
61.177.173.37,192.168.10.5,202208150351,14,12,26,0,22,1,0.844845,0.000508,908,52,1.102891,0.000466,676,52,1
162.142.125.247,192.168.10.5,202208150351,2,1,3,0,59915,1,0.142424,0.142424,44,40,-10000,-10000,44,44,1
162.142.125.9,192.168.10.5,202208150351,14,9,23,0,59915,1,1.161198,0.0,295,40,1.151709,5.9e-05,60,52,1
162.142.125.160,192.168.10.5,202208150351,2,1,3,0,59915,1,0.171013,0.171013,60,40,-10000,-10000,60,60,1
64.62.197.166,192.168.10.5,202208150352,2,1,3,0,11211,1,0.124799,0.124799,44,40,-10000,-10000,44,44,1
212.192.246.198,192.168.10.5,202208150352,8,9,17,0,25,1,0.253805,0.000297,52,40,0.253245,0.000596,112,40,1
103.157.27.220,192.168.10.5,202208150351,1,6,7,0,80,1,-10000,-10000,64,64,16.239674,1.008174,60,60,1
204.76.203.200,192.168.10.5,202208150351,7,4,11,0,23,1,30.283454,0.002671,60,40,30.520631,0.237975,60,44,1
64.62.197.152,192.168.10.5,202208150352,6,5,11,0,11211,1,1.126356,0.0,48,40,1.008596,0.000143,48,40,1
94.102.61.20,192.168.10.5,202208150351,1,6,7,0,143,1,-10000,-10000,44,44,16.239672,1.017915,44,44,1
109.205.213.6,192.168.10.5,202208150352,2,1,3,0,27678,1,0.242507,0.242507,44,40,-10000,-10000,44,44,1
89.248.173.131,192.168.10.5,202208150352,1,0,0,1,69,1,-10000,-10000,28,28,-10000,-10000,-10000,-10000,1
185.150.24.69,192.168.10.5,202208150351,4,24,28,0,80,1,22.551608,1.701884,64,64,10.568376,0.064226,60,60,1
47.96.128.104,192.168.10.5,202208150352,5,2,7,0,6379,1,1.222244,0.0,60,40,1.033893,1.033893,60,60,1
89.109.175.48,192.168.10.5,202208150352,2,12,14,0,80,1,2.583377,2.583377,64,64,13.662282,0.478475,60,60,1
20.195.92.241,192.168.10.5,202208150352,1,6,7,0,80,1,-10000,-10000,64,64,16.235714,1.010307,60,60,1
159.203.170.123,192.168.10.5,202208150352,12,15,27,0,22,1,1.18416,0.0,492,52,0.971854,0.000145,676,52,1
92.255.85.195,192.168.10.5,202208150352,10,8,18,0,9013,1,1.308999,0.0,84,40,1.008331,0.0,52,40,1
167.248.133.144,192.168.10.5,202208150353,2,1,3,0,8580,1,0.14477,0.14477,44,40,-10000,-10000,44,44,1
192.241.222.118,192.168.10.5,202208150352,1,6,7,0,8089,1,-10000,-10000,44,44,16.239725,1.033904,44,44,1
20.187.160.69,192.168.10.5,202208150352,1,6,7,0,80,1,-10000,-10000,64,64,16.243749,1.029499,60,60,1
20.187.166.25,192.168.10.5,202208150352,1,6,7,0,80,1,-10000,-10000,64,64,16.239724,1.029151,60,60,1
167.248.133.46,192.168.10.5,202208150353,14,9,23,0,8580,1,1.153719,0.0,295,40,1.15106,5.8e-05,60,52,1
167.94.138.145,192.168.10.5,202208150353,2,1,3,0,37215,1,0.21896,0.21896,44,40,-10000,-10000,44,44,1
162.142.125.160,192.168.10.5,202208150353,4,2,6,0,8580,2,21.557485,0.140069,60,40,21.703389,21.703389,60,60,1
167.94.138.117,192.168.10.5,202208150353,20,15,35,0,37215,1,1.213061,0.0,295,40,1.204972,0.0,60,40,1
195.178.120.159,192.168.10.5,202208150353,7,6,13,0,17000,1,1.244011,0.002101,124,40,1.008286,0.000102,60,44,1
109.128.91.199,192.168.10.5,202208150353,2,1,3,0,23,1,0.248756,0.248756,44,40,-10000,-10000,44,44,1
179.60.149.55,192.168.10.5,202208150353,5,5,10,0,57614,1,1.182912,0.0,87,40,1.008542,0.0,52,40,1
203.12.200.203,192.168.10.5,202208150353,12,14,26,0,22,1,1.076881,0.000265,492,52,0.970802,0.001347,676,52,1
20.239.2.105,192.168.10.5,202208150352,2,12,14,0,80,1,31.992809,31.992809,64,64,16.243398,0.277715,60,60,1
62.204.41.80,192.168.10.5,202208150353,3,1,4,0,45549,1,0.302067,0.007191,44,40,-10000,-10000,44,44,1
185.156.73.57,192.168.10.5,202208150354,3,1,4,0,56130,1,0.237705,0.029801,44,40,-10000,-10000,44,44,1
162.142.125.130,192.168.10.5,202208150354,1,0,0,1,5683,1,-10000,-10000,31,31,-10000,-10000,-10000,-10000,1
20.187.163.157,192.168.10.5,202208150353,1,6,7,0,80,1,-10000,-10000,64,64,16.239661,1.008379,60,60,1
143.198.8.62,192.168.10.5,202208150354,14,14,28,0,22,1,1.20319,0.000257,492,52,0.970602,0.001297,676,52,1
185.156.73.54,192.168.10.5,202208150354,3,1,4,0,8047,1,0.238921,0.002394,44,40,-10000,-10000,44,44,1
164.92.73.48,192.168.10.5,202208150354,6,4,10,0,8405,1,31.031179,0.0,44,40,1.158339,5.6e-05,44,40,1
146.88.240.4,192.168.10.5,202208150354,1,0,0,1,17,1,-10000,-10000,28,28,-10000,-10000,-10000,-10000,1
35.199.97.42,192.168.10.5,202208150354,12,15,27,0,22,1,1.279753,1e-06,492,52,0.971396,0.000245,676,52,1
103.157.27.220,192.168.10.5,202208150354,1,6,7,0,80,1,-10000,-10000,64,64,16.239802,1.028794,60,60,1
203.12.200.203,192.168.10.5,202208150354,67,90,157,0,22,1,1.073635,1e-06,584,52,0.971734,0.00015,676,52,1
138.122.99.26,192.168.10.5,202208150355,5,4,9,0,3390,1,1.180549,0.0,83,40,1.008686,9.8e-05,52,40,1
74.116.0.114,192.168.10.5,202208150355,1,0,0,1,5060,1,-10000,-10000,1489,1489,-10000,-10000,-10000,-10000,1
185.150.24.69,192.168.10.5,202208150354,4,24,28,0,80,1,22.721095,2.59524,64,64,10.568664,0.46596,60,60,1
92.63.197.171,192.168.10.5,202208150355,3,1,4,0,60317,1,0.238922,0.017867,44,40,-10000,-10000,44,44,1
183.136.225.9,192.168.10.5,202208150353,14,17,31,0,10038,1,51.970813,1e-06,232,40,51.970809,5.3e-05,60,44,1
122.232.58.216,192.168.10.5,202208150355,6,5,11,0,5555,1,1.292627,0.0,189,52,0.965438,0.004143,199,52,1
149.56.206.192,192.168.10.5,202208150355,7,6,13,0,5900,1,0.197476,0.0,68,52,0.198585,0.000403,68,52,1
80.241.212.242,192.168.10.5,202208150355,7,6,13,0,5900,1,0.259137,0.0,68,52,0.259237,0.000401,68,52,1
20.195.92.241,192.168.10.5,202208150354,1,6,7,0,80,1,-10000,-10000,64,64,16.239707,1.035887,60,60,1
89.109.175.48,192.168.10.5,202208150354,2,12,14,0,80,1,2.282743,2.282743,64,64,13.923655,0.257836,60,60,1
61.177.172.124,192.168.10.5,202208150355,15,17,32,0,22,1,3.959925,0.00483,908,52,4.11981,0.001002,676,52,1
212.192.246.198,192.168.10.5,202208150355,8,9,17,0,25,1,0.257387,0.000257,52,40,0.25699,0.000451,112,40,1
61.177.173.48,192.168.10.5,202208150355,11,10,21,0,22,1,0.546976,0.0,908,52,0.504894,0.001296,699,52,1
61.177.173.53,192.168.10.5,202208150355,13,13,26,0,22,1,1.351283,0.000345,908,52,1.040031,0.000196,699,52,1
167.94.146.78,192.168.10.5,202208150355,2,1,3,0,2080,1,0.268713,0.268713,44,40,-10000,-10000,44,44,1
20.187.160.69,192.168.10.5,202208150355,1,6,7,0,80,1,-10000,-10000,64,64,16.243644,1.033088,60,60,1
20.187.166.25,192.168.10.5,202208150355,1,6,7,0,80,1,-10000,-10000,64,64,16.239744,1.017781,60,60,1
167.94.146.59,192.168.10.5,202208150355,14,9,23,0,2080,1,1.278263,0.0,295,40,1.260042,0.0,60,52,1
89.248.165.104,192.168.10.5,202208150356,3,1,4,0,3391,1,0.227299,0.048871,44,40,-10000,-10000,44,44,1
123.157.226.16,192.168.10.5,202208150355,1,6,7,0,23,1,-10000,-10000,44,44,16.239615,1.008881,44,44,1
203.12.200.203,192.168.10.5,202208150356,12,15,27,0,22,1,1.072948,0.000605,492,52,0.971946,0.000348,676,52,1
106.74.128.86,192.168.10.5,202208150356,12,16,28,0,22,1,1.117417,0.0,492,52,0.974491,0.000297,676,52,1
202.125.94.212,192.168.10.5,202208150356,14,15,29,0,22,1,1.204674,0.0,492,52,0.9706,0.001296,676,52,1
161.35.98.96,192.168.10.5,202208150356,14,14,28,0,22,1,1.188889,1e-06,492,52,0.973792,0.001248,676,52,1
20.239.2.105,192.168.10.5,202208150355,2,12,14,0,80,1,31.678476,31.678476,64,64,16.240146,0.143821,60,60,1
159.203.170.123,192.168.10.5,202208150355,24,29,53,0,22,1,60.266636,0.0,492,52,60.432362,0.000296,676,52,1
192.241.222.118,192.168.10.5,202208150356,5,5,10,0,8089,1,1.130795,0.000306,169,52,1.007449,0.000109,60,52,1
20.187.163.157,192.168.10.5,202208150356,1,6,7,0,80,1,-10000,-10000,64,64,16.239645,1.035297,60,60,1
134.209.167.155,192.168.10.5,202208150356,58,43,101,0,8877,1,1.195102,0.0,162,40,1.036439,0.0,60,40,1
200.54.189.98,192.168.10.5,202208150356,8,7,15,0,5900,1,0.293131,0.0,68,40,0.292032,0.000597,68,52,1
184.162.240.237,192.168.10.5,202208150356,5,5,10,0,3391,1,1.194841,0.002393,93,40,1.008337,0.0001,52,40,1
92.255.85.195,192.168.10.5,202208150356,10,8,18,0,8399,1,1.308352,0.0,84,40,1.008189,9.6e-05,52,40,1
192.241.220.117,192.168.10.5,202208150355,6,12,18,0,4545,1,62.571125,0.000299,169,44,30.817188,9.9e-05,60,44,1
181.88.198.77,192.168.10.5,202208150356,1,0,0,1,8000,1,-10000,-10000,70,70,-10000,-10000,-10000,-10000,1
216.218.206.92,192.168.10.5,202208150357,2,1,3,0,6379,1,0.117412,0.117412,44,40,-10000,-10000,44,44,1
179.60.149.55,192.168.10.5,202208150357,5,4,9,0,60969,1,1.174294,0.000242,87,40,1.007314,8.6e-05,52,40,1
188.166.153.8,192.168.10.5,202208150356,6,4,10,0,9500,1,28.73736,0.0,44,40,1.246075,0.0,44,40,1
203.12.200.203,192.168.10.5,202208150357,12,14,26,0,22,1,1.100439,0.000861,492,52,0.972232,0.001233,676,52,1
167.94.146.31,192.168.10.5,202208150357,2,1,3,0,32103,1,0.256786,0.256786,44,40,-10000,-10000,44,44,1
216.218.206.68,192.168.10.5,202208150357,6,5,11,0,6379,1,1.143025,0.0,48,40,1.008142,0.000112,48,40,1
167.94.146.60,192.168.10.5,202208150357,13,9,22,0,32103,1,1.284217,0.0,295,52,1.275669,9.7e-05,60,52,1
103.157.27.220,192.168.10.5,202208150357,1,6,7,0,80,1,-10000,-10000,64,64,16.239599,1.0349,60,60,1
72.167.32.184,192.168.10.5,202208150357,1,6,7,0,3389,1,-10000,-10000,44,44,16.2396,1.019164,44,44,1
192.168.10.4,192.168.10.5,202208150357,34,12,46,0,64297,1,5.038182,0.0,575,52,5.038228,5.6e-05,3876,40,1
159.203.170.123,192.168.10.5,202208150357,12,15,27,0,22,1,1.181455,0.000599,492,52,0.971698,0.000247,676,52,1
161.35.98.96,192.168.10.5,202208150357,14,14,28,0,22,1,1.180867,0.000288,492,52,0.969344,0.001299,676,52,1
185.150.24.69,192.168.10.5,202208150356,4,24,28,0,80,1,22.527951,2.830361,64,64,10.826479,0.209636,60,60,1
89.109.175.48,192.168.10.5,202208150357,2,12,14,0,80,1,1.452493,1.452493,64,64,14.692773,0.418985,60,60,1
20.195.92.241,192.168.10.5,202208150357,1,6,7,0,80,1,-10000,-10000,64,64,16.239597,1.024417,60,60,1
51.38.75.3,192.168.10.5,202208150358,4,3,7,0,3389,1,0.297879,0.0,83,40,0.24866,0.047917,59,40,1
35.210.132.198,192.168.10.5,202208150358,12,14,26,0,22,1,1.275008,0.0,492,52,0.970849,0.000949,676,52,1
216.218.206.76,192.168.10.5,202208150358,2,1,3,0,5443,1,0.129593,0.129593,44,40,-10000,-10000,44,44,1
143.198.8.62,192.168.10.5,202208150358,15,14,29,0,22,1,1.182958,0.000284,492,52,1.343757,0.000989,676,52,1
203.12.200.203,192.168.10.5,202208150358,12,14,26,0,22,1,1.070059,0.0,492,52,0.973943,0.000955,676,52,1
20.187.160.69,192.168.10.5,202208150358,1,6,7,0,80,1,-10000,-10000,64,64,16.239983,1.022853,60,60,1
20.187.166.25,192.168.10.5,202208150358,1,6,7,0,80,1,-10000,-10000,64,64,16.24368,1.025867,60,60,1
123.56.230.37,192.168.10.5,202208150358,7,3,10,0,6379,1,0.135531,0.0,66,40,0.136726,0.01792,60,40,1
216.218.206.68,192.168.10.5,202208150358,5,5,10,0,5443,1,1.131383,0.000292,168,40,1.008289,9.8e-05,48,40,1
49.142.188.6,192.168.10.5,202208150358,1,6,7,0,23,1,-10000,-10000,44,44,16.239635,1.034137,44,44,1
139.162.190.203,192.168.10.5,202208150358,6,4,10,0,1119,1,30.909573,0.0,44,40,1.248245,0.0,44,40,1
