address,partner,date,rcv_packet_count,snd_packet_count,tcp_count,udp_count,most_port,port_count,rcv_max_int,rcv_min_int,rcv_max_len,rcv_min_len,snd_max_int,snd_min_int,snd_max_len,snd_min_len,label
162.243.131.18,192.168.10.5,202305222358,6,11,17,0,15001,1,23.443933,0.0,77,44,8.249245,1e-06,60,44,1
120.26.196.119,192.168.10.5,202305222358,5,5,10,0,5900,1,0.202726,0.0,64,52,0.202128,0.000746,64,52,1
172.105.37.32,192.168.10.5,202305222359,3,1,4,0,5006,1,0.143053,0.009153,44,40,-10000,-10000,44,44,1
185.122.204.71,192.168.10.5,202305222359,1,1,2,0,289,1,-10000,-10000,44,44,-10000,-10000,40,40,1
124.221.178.222,192.168.10.5,202305222358,7,10,17,0,5900,1,2.38041,0.0,64,52,2.118658,0.001192,64,52,1
128.116.43.211,192.168.10.5,202305222358,3,13,16,0,80,2,7.707414,0.936367,52,52,8.507156,0.515624,52,52,1
139.59.138.49,192.168.10.5,202305222359,11,8,19,0,5006,1,1.263036,1e-06,291,52,1.00866,0.0,60,52,1
80.66.76.31,192.168.10.5,202305222359,7,6,13,0,3389,1,0.276754,0.000625,426,40,0.310066,0.013114,373,40,1
43.131.43.27,192.168.10.5,202305222358,17,13,30,0,8055,1,10.003455,0.0,295,40,10.246275,0.0,60,52,1
103.162.36.21,192.168.10.5,202305222359,4,3,7,0,3389,1,0.119422,0.000934,83,40,0.093677,0.022984,59,40,1
137.184.233.98,192.168.10.5,202305222359,4,4,8,0,47522,1,1.137974,0.0,44,40,1.137171,0.0,44,40,1
54.39.186.162,192.168.10.5,202305222359,4,3,7,0,3389,1,0.190323,0.000331,83,40,0.161268,0.026425,59,40,1
198.235.24.241,192.168.10.5,202305222359,8,6,14,0,52590,1,48.766087,0.0,259,40,48.997758,0.0,60,44,1
107.170.246.12,192.168.10.5,202305230000,6,6,12,0,4444,1,1.123629,0.0,165,52,1.008719,0.0,154,52,1
176.113.115.104,192.168.10.5,202305230000,1,1,2,0,287,1,-10000,-10000,44,44,-10000,-10000,40,40,1
94.102.49.43,192.168.10.5,202305230000,3,1,4,0,47906,1,0.240413,0.002094,44,40,-10000,-10000,44,44,1
113.142.66.88,192.168.10.5,202305230000,5,5,10,0,5900,1,0.228428,0.0,64,52,0.229111,0.000678,64,52,1
142.93.158.96,192.168.10.5,202305230001,3,1,4,0,21,1,0.227279,0.001929,44,40,-10000,-10000,44,44,1
185.81.68.110,192.168.10.5,202305230001,1,1,2,0,286,1,-10000,-10000,44,44,-10000,-10000,40,40,1
167.94.138.106,192.168.10.5,202305230001,1,1,2,0,554,1,-10000,-10000,44,44,-10000,-10000,40,40,1
167.94.138.147,192.168.10.5,202305230001,2,1,3,0,24082,1,0.19988,0.19988,44,40,-10000,-10000,44,44,1
167.172.232.142,192.168.10.5,202305230001,13,8,21,0,21,1,9.22372,0.000297,291,40,0.15952,0.001695,280,52,1
167.94.138.33,192.168.10.5,202305230001,14,10,24,0,24082,1,1.206534,0.0,295,40,1.198488,0.0,60,40,1
162.142.125.160,192.168.10.5,202305230001,2,1,3,0,24082,1,0.156982,0.156982,60,40,-10000,-10000,60,60,1
124.223.169.131,192.168.10.5,202305230001,6,7,13,0,5900,1,0.714904,1e-06,64,52,0.540098,0.001576,64,52,1
124.223.73.187,192.168.10.5,202305230001,5,5,10,0,5900,1,0.18051,1e-06,64,52,0.179591,0.00153,64,52,1
124.222.93.58,192.168.10.5,202305230001,5,5,10,0,5900,1,0.20817,1e-06,64,52,0.2093,0.000929,64,52,1
59.80.22.112,192.168.10.5,202305230001,5,5,10,0,5900,1,0.108993,0.0,64,52,0.109625,0.001442,64,52,1
89.248.168.220,192.168.10.5,202305230001,6,2,8,0,52718,2,14.588871,0.002262,44,40,14.822504,14.822504,44,44,1
147.182.241.81,192.168.10.5,202305230000,11,9,20,0,1599,2,47.117725,0.000634,301,52,47.277725,0.0,60,52,1
146.88.240.4,192.168.10.5,202305230002,1,0,0,1,3283,1,-10000,-10000,30,30,-10000,-10000,-10000,-10000,1
36.134.102.251,192.168.10.5,202305230002,5,5,10,0,5900,1,0.071148,0.0,64,52,0.06962,0.001546,64,52,1
54.39.186.162,192.168.10.5,202305230002,4,3,7,0,3389,1,0.210281,0.000633,83,40,0.186335,0.029622,59,40,1
111.90.33.178,192.168.10.5,202305230002,8,6,14,0,3389,1,0.389673,1e-06,83,40,0.43232,0.023852,59,40,1
138.68.9.83,192.168.10.5,202305230002,4,4,8,0,1248,1,1.130747,0.0,44,40,1.124821,1e-06,44,40,1
91.240.118.75,192.168.10.5,202305230002,3,1,4,0,5722,1,0.282093,0.003254,44,40,-10000,-10000,44,44,1
122.233.93.250,192.168.10.5,202305230002,2,1,3,0,2922,1,0.257254,0.257254,48,40,-10000,-10000,44,44,1
64.185.227.155,192.168.10.5,202305230002,11,12,23,0,43692,1,0.17187,0.0,2628,52,0.163972,0.0,575,40,1
163.47.36.34,192.168.10.5,202305230002,2,2,4,0,2020,1,1.256764,1.256764,44,40,1.038044,1.038044,44,44,1
83.48.70.199,192.168.10.5,202305222357,37,28,65,0,3389,1,59.943806,0.0,83,40,60.254314,0.016149,59,40,1
57.128.141.78,192.168.10.5,202305230002,2,12,14,0,80,2,15.221523,15.221523,52,52,15.209648,0.214225,52,52,1
106.54.181.82,192.168.10.5,202305230003,6,7,13,0,5900,1,0.720284,1e-06,64,52,0.548942,0.000947,64,52,1
106.14.107.14,192.168.10.5,202305230003,6,6,12,0,5900,1,0.477841,0.0,64,52,0.477605,0.000936,64,52,1
120.79.43.91,192.168.10.5,202305230003,6,7,13,0,5900,1,0.527259,0.0,64,52,0.525681,0.001347,64,52,1
176.113.115.104,192.168.10.5,202305230003,1,1,2,0,291,1,-10000,-10000,44,44,-10000,-10000,40,40,1
89.248.165.85,192.168.10.5,202305230003,20,15,35,0,53439,1,1.244036,0.0,163,40,1.241768,0.0,60,40,1
193.163.125.155,192.168.10.5,202305230003,2,1,3,0,2086,1,0.257084,0.257084,44,40,-10000,-10000,44,44,1
106.75.157.131,192.168.10.5,202305230001,24,64,88,0,51005,1,10.020322,0.0,167,52,18.560302,0.0,64,52,1
89.248.168.220,192.168.10.5,202305230003,3,1,4,0,55221,1,0.246356,0.0032,44,40,-10000,-10000,44,44,1
94.102.61.37,192.168.10.5,202305230003,1,0,0,1,40935,1,-10000,-10000,57,57,-10000,-10000,-10000,-10000,1
167.248.133.157,192.168.10.5,202305230003,2,1,3,0,9021,1,0.140618,0.140618,44,40,-10000,-10000,44,44,1
198.235.24.128,192.168.10.5,202305230003,1,1,2,0,67,1,-10000,-10000,44,44,-10000,-10000,40,40,1
167.248.133.52,192.168.10.5,202305230003,14,10,24,0,9021,1,1.149159,1e-06,295,40,1.148827,0.0,60,40,1
162.142.125.160,192.168.10.5,202305230003,2,1,3,0,9021,1,0.143871,0.143871,60,40,-10000,-10000,60,60,1
103.214.8.134,192.168.10.5,202305230003,2,7,9,0,22,1,1.001837,1.001837,60,60,16.24109,1.001838,60,60,1
193.163.125.161,192.168.10.5,202305230003,2,2,4,0,42420,1,1.300661,1.300661,44,40,1.029676,1.029676,44,44,1
103.162.36.21,192.168.10.5,202305230004,4,3,7,0,3389,1,0.11082,0.0,83,40,0.09195,0.018358,59,40,1
192.168.10.20,192.168.10.5,202305230004,13,12,25,0,64297,1,4.987446,0.0,563,40,5.040063,0.0,3864,40,1
144.126.211.46,192.168.10.5,202305230003,239,199,438,0,2082,1,1.140631,0.0,263,40,1.123171,0.0,52,40,1
128.199.24.57,192.168.10.5,202305230003,8,5,13,0,22010,1,26.048511,0.0,60,40,26.16959,0.0,60,44,1
218.92.0.24,192.168.10.5,202305230004,11,10,21,0,22,1,0.51387,1e-06,908,52,0.473889,0.001046,699,52,1
180.76.231.168,192.168.10.5,202305230004,5,4,9,0,6379,1,0.25798,0.000592,66,52,0.257834,0.000737,60,52,1
128.116.8.75,192.168.10.5,202305230003,3,13,16,0,80,1,19.691977,3.179413,52,52,8.807843,0.114998,52,52,1
159.89.173.36,192.168.10.5,202305230004,1,0,0,1,1900,1,-10000,-10000,127,127,-10000,-10000,-10000,-10000,1
159.203.208.15,192.168.10.5,202305230004,1,6,7,0,17185,1,-10000,-10000,44,44,16.240747,1.010794,44,44,1
106.14.41.171,192.168.10.5,202305230004,5,5,10,0,5900,1,0.181107,0.0,64,52,0.179812,0.001294,64,52,1
64.227.152.63,192.168.10.5,202305230004,3,1,4,0,1122,1,0.115316,0.001793,44,40,-10000,-10000,44,44,1
54.39.186.162,192.168.10.5,202305230004,4,3,7,0,3389,1,0.202541,0.0,83,40,0.170046,0.038827,59,40,1
36.138.197.31,192.168.10.5,202305230004,6,8,14,0,5900,1,1.086695,1e-06,64,52,1.008684,0.000803,64,52,1
152.89.198.103,192.168.10.5,202305230004,1,1,2,0,292,1,-10000,-10000,44,44,-10000,-10000,40,40,1
192.168.10.4,192.168.10.5,202305230004,36,13,49,0,64297,1,5.03771,0.0,575,52,5.03772,0.0,3876,40,1
147.182.241.81,192.168.10.5,202305230004,12,10,22,0,20000,2,35.490014,4.5e-05,1062,52,35.490497,0.0,60,52,1
192.241.233.45,192.168.10.5,202305230004,8,5,13,0,9200,1,60.307266,0.001233,165,40,60.418931,0.003381,546,44,1
185.167.96.146,192.168.10.5,202305230005,1,1,2,0,502,1,-10000,-10000,44,44,-10000,-10000,40,40,1
89.248.165.154,192.168.10.5,202305230005,7,6,13,0,8901,1,1.249911,0.000933,60,40,1.008324,1e-06,60,44,1
64.227.152.63,192.168.10.5,202305230005,5,4,9,0,1122,1,1.133209,0.000297,60,52,1.129844,0.0,60,52,1
106.13.223.201,192.168.10.5,202305230005,8,9,17,0,5900,1,1.286013,0.0,64,52,1.286013,0.001574,64,52,1
159.203.208.15,192.168.10.5,202305230005,5,5,10,0,17185,1,1.123644,1e-06,77,52,1.008829,0.0,60,52,1
42.57.36.12,192.168.10.5,202305230005,1,6,7,0,23,1,-10000,-10000,44,44,16.24073,1.023157,44,44,1
83.48.70.199,192.168.10.5,202305230004,16,12,28,0,3389,1,59.24441,0.0,83,40,59.550742,0.016738,59,40,1
128.116.75.85,192.168.10.5,202305230005,6,6,12,0,80,1,19.562424,0.237707,52,40,19.762624,1.017921,52,52,1
111.90.33.178,192.168.10.5,202305230006,8,6,14,0,3389,1,0.301754,0.000331,83,40,0.339594,0.038761,59,40,1
64.62.197.41,192.168.10.5,202305230006,2,1,3,0,10001,1,0.12694,0.12694,44,40,-10000,-10000,44,44,1
147.182.241.81,192.168.10.5,202305230006,6,5,11,0,3780,1,5.396802,0.000329,301,52,5.556073,0.0,60,52,1
64.62.197.33,192.168.10.5,202305230007,4,4,8,0,10001,1,0.120679,0.002951,257,40,0.121774,0.001144,48,40,1
120.79.85.217,192.168.10.5,202305230007,6,6,12,0,5900,1,1.000675,0.0,64,52,1.000425,0.001065,64,52,1
124.156.47.36,192.168.10.5,202305230007,5,5,10,0,5900,1,0.153667,1e-06,64,52,0.152599,0.00099,64,52,1
54.39.186.162,192.168.10.5,202305230007,4,3,7,0,3389,1,0.271663,1e-06,83,40,0.16678,0.107224,59,40,1
167.248.133.143,192.168.10.5,202305230007,2,1,3,0,995,1,0.138062,0.138062,44,40,-10000,-10000,44,44,1
143.42.1.201,192.168.10.5,202305230007,2,1,3,0,8080,1,0.174871,0.174871,44,40,-10000,-10000,44,44,1
103.162.36.21,192.168.10.5,202305230007,4,3,7,0,3389,1,0.121385,0.0,83,40,0.09141,0.022409,59,40,1
167.248.133.49,192.168.10.5,202305230007,9,6,15,0,995,1,15.003175,1e-06,295,52,15.138755,0.000902,1410,52,1
150.158.50.247,192.168.10.5,202305230007,5,8,13,0,5900,1,1.774261,1e-06,64,52,1.055312,0.00029,64,52,1
101.43.111.184,192.168.10.5,202305230007,5,7,12,0,5900,1,0.740273,0.0,64,52,0.563664,0.000392,64,52,1
45.79.181.179,192.168.10.5,202305230007,5,5,10,0,8080,1,1.171278,0.0,190,52,1.009143,0.0,56,52,1
36.133.125.177,192.168.10.5,202305230007,6,7,13,0,5900,1,1.073288,0.0,64,52,1.024925,0.00084,64,52,1
118.123.241.39,192.168.10.5,202305230007,2,2,4,0,6379,1,1.274697,1.274697,60,40,1.031992,1.031992,60,60,1
162.142.125.160,192.168.10.5,202305230007,2,1,3,0,995,1,0.143594,0.143594,60,40,-10000,-10000,60,60,1
45.93.201.57,192.168.10.5,202305230007,7,6,13,0,3389,1,0.344348,0.000543,426,40,0.373858,0.016944,373,40,1
205.210.31.165,192.168.10.5,202305230007,1,0,0,1,5060,1,-10000,-10000,400,400,-10000,-10000,-10000,-10000,1
94.102.50.103,192.168.10.5,202305230007,3,1,4,0,1433,1,0.251428,0.003259,44,40,-10000,-10000,44,44,1
103.158.96.154,192.168.10.5,202305230007,13,11,24,0,3389,1,3.561116,0.004897,83,40,3.283618,0.006108,59,40,1
185.81.68.110,192.168.10.5,202305230008,1,1,2,0,290,1,-10000,-10000,44,44,-10000,-10000,40,40,1
43.143.3.213,192.168.10.5,202305230008,5,5,10,0,3389,1,3.003638,0.000625,83,40,1.975648,0.102944,59,40,1
51.91.14.6,192.168.10.5,202305230008,4,4,8,0,22322,1,1.282149,0.0,60,52,1.261106,0.0,60,52,1
167.94.138.158,192.168.10.5,202305230008,2,1,3,0,21237,1,0.199945,0.199945,44,40,-10000,-10000,44,44,1
167.94.138.35,192.168.10.5,202305230008,14,9,23,0,21237,1,1.220452,0.0,295,40,1.206869,0.0,60,52,1
162.142.125.160,192.168.10.5,202305230008,2,1,3,0,21237,1,0.152145,0.152145,60,40,-10000,-10000,60,60,1
128.116.75.179,192.168.10.5,202305230006,10,8,18,0,80,2,58.21728,0.16564,52,40,58.387364,1.024456,52,52,1
183.136.225.9,192.168.10.5,202305230007,13,25,38,0,8081,1,24.613234,0.23477,60,40,16.240699,0.084287,60,44,1
147.185.242.56,192.168.10.5,202305230009,2,1,3,0,9000,1,0.162638,0.162638,44,40,-10000,-10000,44,44,1
185.122.204.71,192.168.10.5,202305230009,1,1,2,0,293,1,-10000,-10000,44,44,-10000,-10000,40,40,1
124.239.133.147,192.168.10.5,202305230004,629,697,1326,0,1433,1,30.296775,0.0,4136,40,30.296775,0.0,114,40,1
218.92.0.27,192.168.10.5,202305230009,12,12,24,0,22,1,0.550488,0.0,908,52,0.550488,0.001158,699,52,1
185.224.128.213,192.168.10.5,202305230009,1,0,1,0,80,1,-10000,-10000,89,89,-10000,-10000,-10000,-10000,1
116.63.171.234,192.168.10.5,202305230009,5,6,11,0,5900,1,0.49692,0.0,64,52,0.370024,0.001865,64,52,1
185.81.68.110,192.168.10.5,202305230009,1,1,2,0,294,1,-10000,-10000,44,44,-10000,-10000,40,40,1
94.102.49.43,192.168.10.5,202305230008,6,2,8,0,45590,2,47.365837,0.000617,44,40,47.625023,47.625023,44,44,1
185.167.97.229,192.168.10.5,202305230009,5,3,8,0,1025,1,10.030061,0.000627,174,52,10.030783,0.256675,60,52,1
83.48.70.199,192.168.10.5,202305230007,16,12,28,0,3389,1,59.577691,0.0,83,40,59.891556,0.040199,59,40,1
54.39.186.162,192.168.10.5,202305230009,4,3,7,0,3389,1,0.198171,0.003512,83,40,0.165251,0.036123,59,40,1
107.170.73.5,192.168.10.5,202305230009,3,2,5,0,8081,1,0.175723,0.016671,44,40,0.191412,0.191412,44,40,1
120.25.227.158,192.168.10.5,202305230009,5,6,11,0,5900,1,0.867135,0.000632,64,52,0.653423,0.0013,64,52,1
80.66.76.27,192.168.10.5,202305230009,7,5,12,0,3389,1,0.244862,0.00089,426,40,0.309459,0.002382,373,40,1
71.6.232.22,192.168.10.5,202305230009,6,9,15,0,23,1,7.761795,0.117787,60,44,16.23664,0.120562,60,44,1
101.34.37.129,192.168.10.5,202305230009,5,5,10,0,5900,1,0.178926,0.0,64,52,0.179193,0.001231,64,52,1
106.15.229.166,192.168.10.5,202305230009,7,7,14,0,5900,1,2.116367,1e-06,64,52,2.116368,0.000926,64,52,1
106.55.7.207,192.168.10.5,202305230010,6,6,12,0,5900,1,1.001443,0.000942,64,52,1.001443,0.001248,64,52,1
106.75.165.117,192.168.10.5,202305230008,11,30,41,0,8000,1,24.017774,0.0,60,52,17.787397,1e-06,60,52,1
114.132.71.92,192.168.10.5,202305230010,5,5,10,0,5900,1,0.220392,1e-06,64,52,0.219631,0.000761,64,52,1
114.132.156.71,192.168.10.5,202305230010,5,6,11,0,5900,1,0.843947,0.0,64,52,0.638836,0.000675,64,52,1
114.132.218.137,192.168.10.5,202305230010,5,7,12,0,5900,1,0.861817,0.0,64,52,0.65227,0.000999,64,52,1
111.90.33.178,192.168.10.5,202305230010,8,6,14,0,3389,1,0.132247,0.0,83,40,0.10405,1e-06,59,40,1
175.178.5.193,192.168.10.5,202305230010,2,4,6,0,6379,1,7.314833,7.314833,60,40,4.060154,1.012573,60,60,1
203.161.32.118,192.168.10.5,202305230010,3,1,4,0,13389,1,0.170125,0.005626,44,40,-10000,-10000,44,44,1
67.207.87.12,192.168.10.5,202305230010,2,1,3,0,80,1,0.155803,0.155803,44,40,-10000,-10000,44,44,1
147.182.241.81,192.168.10.5,202305230008,29,24,53,0,1471,4,59.849665,0.001789,303,52,59.850344,0.0,60,52,1
192.168.3.118,172.29.148.192,202305230008,20,0,20,0,55443,1,12.870123,1.002651,60,60,-10000,-10000,-10000,-10000,0
193.201.9.14,192.168.10.5,202305230010,2,1,3,0,3810,1,0.382187,0.382187,44,40,-10000,-10000,44,44,1
128.116.39.228,192.168.10.5,202305230009,4,19,23,0,80,2,32.362667,1.535939,52,52,25.385951,0.496802,52,52,1
205.210.31.91,192.168.10.5,202305230009,7,6,13,0,8800,1,53.240001,0.0,377,40,53.393462,1e-06,60,44,1
89.248.168.210,192.168.10.5,202305230010,3,1,4,0,58875,1,0.242761,0.001435,44,40,-10000,-10000,44,44,1
146.190.64.200,192.168.10.5,202305230010,1,1,2,0,88,1,-10000,-10000,44,44,-10000,-10000,40,40,1
194.26.29.169,192.168.10.5,202305230011,1,1,2,0,802,1,-10000,-10000,44,44,-10000,-10000,40,40,1
101.89.216.223,192.168.10.5,202305230011,5,5,10,0,5900,1,0.21421,0.0,64,52,0.214,0.000998,64,52,1
124.221.254.119,192.168.10.5,202305230011,6,6,12,0,5900,1,0.466179,0.0,64,52,0.466178,0.001392,64,52,1
106.14.206.113,192.168.10.5,202305230011,5,3,8,0,6379,1,0.174518,0.0,66,40,0.176464,1e-06,60,40,1
167.248.133.138,192.168.10.5,202305230011,2,1,3,0,1801,1,0.141224,0.141224,44,40,-10000,-10000,44,44,1
54.39.186.162,192.168.10.5,202305230011,4,4,8,0,3389,1,0.202806,0.0,83,40,0.181735,0.000119,59,40,1
167.248.133.36,192.168.10.5,202305230011,19,14,33,0,1801,1,1.161512,0.0,624,40,1.15491,0.0,60,40,1
162.142.125.160,192.168.10.5,202305230012,2,1,3,0,1801,1,0.141505,0.141505,60,40,-10000,-10000,60,60,1
147.182.241.81,192.168.10.5,202305230012,6,5,11,0,1911,1,2.988533,0.043131,565,52,3.151963,0.0,60,52,1
167.94.146.29,192.168.10.5,202305230012,2,1,3,0,41591,1,0.251152,0.251152,44,40,-10000,-10000,44,44,1
103.162.36.21,192.168.10.5,202305230012,4,3,7,0,3389,1,0.113495,0.002122,83,40,0.09472,0.018444,59,40,1
167.94.146.59,192.168.10.5,202305230012,16,12,28,0,41591,1,1.276968,0.0,295,40,1.268438,0.0,60,40,1
198.199.96.214,192.168.10.5,202305230011,6,11,17,0,2083,1,86.261894,0.000596,76,44,54.480849,0.0,60,44,1
103.158.96.154,192.168.10.5,202305230012,2,7,9,0,3389,1,3.717379,3.717379,52,52,16.240687,0.656081,52,52,1
152.89.198.103,192.168.10.5,202305230012,1,1,2,0,295,1,-10000,-10000,44,44,-10000,-10000,40,40,1
183.136.225.10,192.168.10.5,202305230012,6,6,12,0,9010,1,20.977104,0.0003,569,40,21.153517,0.00035,60,40,1
89.248.168.220,192.168.10.5,202305230012,3,1,4,0,56849,1,0.260684,0.000624,44,40,-10000,-10000,44,44,1
220.132.40.59,192.168.10.5,202305230012,7,4,11,0,23,1,30.922313,0.040207,60,40,30.965075,0.043256,60,44,1
185.122.204.71,192.168.10.5,202305230012,1,1,2,0,297,1,-10000,-10000,44,44,-10000,-10000,40,40,1
83.48.70.199,192.168.10.5,202305230011,16,12,28,0,3389,1,47.514192,0.0,83,40,47.820049,0.030073,59,40,1
125.124.103.150,192.168.10.5,202305230012,7,7,14,0,5900,1,3.461542,0.0,64,52,3.461541,0.000336,64,52,1
128.116.24.205,192.168.10.5,202305230010,24,19,43,0,80,2,36.257899,0.003149,52,40,36.407807,0.013134,52,52,1
176.113.115.104,192.168.10.5,202305230013,1,1,2,0,296,1,-10000,-10000,44,44,-10000,-10000,40,40,1
107.170.248.15,192.168.10.5,202305230012,1,6,7,0,1521,1,-10000,-10000,44,44,16.240745,1.013599,44,44,1
192.241.231.17,192.168.10.5,202305230012,1,6,7,0,17990,1,-10000,-10000,44,44,16.240703,1.012155,44,44,1
58.211.207.70,192.168.10.5,202305230013,6,7,13,0,5900,1,1.001801,1e-06,64,52,1.00167,0.001197,64,52,1
124.223.57.237,192.168.10.5,202305230013,6,7,13,0,5900,1,1.001801,0.0,64,52,1.001801,0.001226,64,52,1
122.51.127.85,192.168.10.5,202305230013,5,5,10,0,5900,1,0.205487,0.0,64,52,0.205534,0.000924,64,52,1
121.5.22.7,192.168.10.5,202305230013,7,8,15,0,5900,1,2.101031,0.0,64,52,2.101031,0.00129,64,52,1
218.92.0.95,192.168.10.5,202305230013,12,14,26,0,22,1,1.913655,0.0,908,52,0.99894,0.000395,699,52,1
111.90.33.178,192.168.10.5,202305230013,8,7,15,0,3389,1,0.247085,0.000622,83,40,0.165751,0.023095,59,40,1
185.36.100.22,192.168.10.5,202305230013,3,1,4,0,3398,1,0.233059,0.011651,44,40,-10000,-10000,44,44,1
118.193.103.203,192.168.10.5,202305230013,3,3,6,0,22703,1,1.267872,0.239467,44,41,1.247078,0.0,44,40,1
223.29.207.134,192.168.10.5,202305230014,3,3,6,0,139,1,0.669962,0.663398,48,48,0.669306,0.6641,40,40,1
122.185.149.210,192.168.10.5,202305230014,3,3,6,0,139,1,0.656603,0.64608,52,48,0.65645,0.645944,40,40,1
210.245.120.108,192.168.10.5,202305230014,2,1,3,0,33333,1,0.11195,0.11195,44,40,-10000,-10000,44,44,1
54.39.186.162,192.168.10.5,202305230014,4,3,7,0,3389,1,0.207163,0.0,83,40,0.163278,0.042822,59,40,1
218.92.0.22,192.168.10.5,202305230014,10,11,21,0,22,1,10.011372,0.0,908,40,9.96744,0.0,699,52,1
175.176.184.143,192.168.10.5,202305230014,3,3,6,0,139,1,0.687798,0.681306,52,48,0.688049,0.681114,40,40,1
94.102.61.28,192.168.10.5,202305230014,1,6,7,0,51106,1,-10000,-10000,44,44,16.24074,1.022492,44,44,1
192.241.231.17,192.168.10.5,202305230014,5,5,10,0,17990,1,1.125417,0.000733,77,52,1.008506,0.0,60,52,1
64.62.197.136,192.168.10.5,202305230015,1,0,0,1,53,1,-10000,-10000,70,70,-10000,-10000,-10000,-10000,1
106.14.106.97,192.168.10.5,202305230015,7,9,16,0,5900,1,1.087022,1e-06,64,52,1.08688,0.000977,64,52,1
45.147.250.208,192.168.10.5,202305230015,2,1,3,0,6005,1,0.273975,0.273975,44,40,-10000,-10000,44,44,1
124.222.197.135,192.168.10.5,202305230015,7,7,14,0,5900,1,2.134629,1e-06,64,52,2.13453,0.000527,64,52,1
103.162.36.21,192.168.10.5,202305230015,4,3,7,0,3389,1,0.156665,0.000634,83,40,0.09337,0.060874,59,40,1
205.210.31.90,192.168.10.5,202305230014,8,6,14,0,8088,1,53.74194,0.0,259,40,53.897444,0.0,60,44,1
110.40.208.171,192.168.10.5,202305230015,5,6,11,0,5900,1,0.741415,0.0,64,52,0.563045,0.001473,64,52,1
36.138.248.95,192.168.10.5,202305230015,5,6,11,0,5900,1,0.442955,0.000927,64,52,0.333895,0.000839,64,52,1
152.89.198.103,192.168.10.5,202305230016,1,1,2,0,298,1,-10000,-10000,44,44,-10000,-10000,40,40,1
197.255.219.194,192.168.10.5,202305230016,2,1,3,0,445,1,0.602574,0.602574,44,40,-10000,-10000,44,44,1
185.122.204.71,192.168.10.5,202305230016,1,1,2,0,300,1,-10000,-10000,44,44,-10000,-10000,40,40,1
83.48.70.199,192.168.10.5,202305230014,16,12,28,0,3389,1,47.139106,0.0,83,40,47.463137,0.036434,59,40,1
107.170.73.5,192.168.10.5,202305230016,5,4,9,0,8081,1,1.167428,0.043178,60,52,1.167295,0.0,60,52,1
122.114.15.135,192.168.10.5,202305230016,5,5,10,0,5900,1,0.107283,1e-06,64,52,0.106482,0.001094,64,52,1
107.170.248.15,192.168.10.5,202305230016,6,5,11,0,1521,1,8.989244,1e-06,161,52,9.1418,1e-06,60,52,1
89.248.163.189,192.168.10.5,202305230016,3,1,4,0,3403,1,0.247731,0.000627,44,40,-10000,-10000,44,44,1
128.199.146.208,192.168.10.5,202305230015,7,5,12,0,21022,1,49.97784,0.0,60,40,50.059418,1e-06,60,44,1
27.72.158.215,192.168.10.5,202305230016,8,6,14,0,1433,1,0.222793,0.001227,228,40,0.224118,0.011802,114,40,1
54.39.186.162,192.168.10.5,202305230016,4,3,7,0,3389,1,0.221393,0.001423,83,40,0.171796,0.05148,59,40,1
143.244.147.206,192.168.10.5,202305230016,2,1,3,0,80,1,0.148609,0.148609,44,40,-10000,-10000,44,44,1
183.255.49.86,192.168.10.5,202305230016,5,5,10,0,5900,1,0.113207,1e-06,64,52,0.112712,0.000966,64,52,1
103.162.36.21,192.168.10.5,202305230016,4,4,8,0,3389,1,0.143315,0.0,83,40,0.090206,0.000123,59,40,1
64.62.197.155,192.168.10.5,202305230016,2,1,3,0,5985,1,0.117364,0.117364,44,40,-10000,-10000,44,44,1
176.113.115.104,192.168.10.5,202305230016,1,1,2,0,301,1,-10000,-10000,44,44,-10000,-10000,40,40,1
107.170.48.12,192.168.10.5,202305230017,3,2,5,0,1433,1,0.155733,0.010441,44,40,0.166174,0.166174,44,40,1
64.62.197.165,192.168.10.5,202305230017,6,6,12,0,5985,1,1.128393,0.0,212,40,1.008758,0.0,48,40,1
89.248.168.220,192.168.10.5,202305230017,3,1,4,0,56945,1,0.239199,0.004438,44,40,-10000,-10000,44,44,1
147.182.241.81,192.168.10.5,202305230013,748,947,1695,0,3389,9,47.585123,0.0,687,52,47.586199,0.0,4258,40,1
94.102.49.43,192.168.10.5,202305230017,3,1,4,0,47007,1,0.224597,0.007177,44,40,-10000,-10000,44,44,1
118.37.157.169,192.168.10.5,202305230017,2,1,3,0,3391,1,0.051789,0.051789,44,40,-10000,-10000,44,44,1
83.48.70.199,192.168.10.5,202305230017,8,6,14,0,3389,1,0.366918,0.0,83,40,0.450682,0.050122,59,40,1
111.90.33.178,192.168.10.5,202305230017,7,6,13,0,3389,1,0.396767,0.0,83,40,0.396767,0.024707,59,40,1
167.94.138.155,192.168.10.5,202305230017,2,1,3,0,53480,1,0.204628,0.204628,44,40,-10000,-10000,44,44,1
180.118.243.105,192.168.10.5,202305230017,1,6,7,0,23,1,-10000,-10000,44,44,16.240886,1.033433,44,44,1
167.94.138.124,192.168.10.5,202305230017,13,9,22,0,53480,1,1.217742,0.000632,295,52,1.212904,0.0,60,52,1
162.142.125.160,192.168.10.5,202305230018,2,1,3,0,53480,1,0.141791,0.141791,60,40,-10000,-10000,60,60,1
47.96.24.131,192.168.10.5,202305230018,6,2,8,0,6379,1,1.201973,0.0,60,40,1.025127,1.025127,60,60,1
185.81.68.110,192.168.10.5,202305230018,1,1,2,0,299,1,-10000,-10000,44,44,-10000,-10000,40,40,1
128.116.24.205,192.168.10.5,202305230016,10,5,15,0,443,2,60.69554,0.153398,52,40,60.854743,0.860609,52,52,1
106.53.74.140,192.168.10.5,202305230018,5,6,11,0,5900,1,0.843049,0.0,64,52,0.633714,0.000894,64,52,1
80.66.76.36,192.168.10.5,202305230018,7,5,12,0,3389,1,0.261347,0.000975,426,40,0.312149,0.002142,373,40,1
87.251.75.37,192.168.10.5,202305230018,7,5,12,0,3389,1,0.254697,0.001179,426,40,0.314012,0.002329,373,40,1
114.132.248.19,192.168.10.5,202305230018,6,7,13,0,5900,1,0.845696,0.0,64,52,0.632867,0.000751,64,52,1
147.182.241.81,192.168.10.5,202305230018,5,4,9,0,2323,1,4.092244,0.044895,60,52,4.2555,0.0,60,52,1
109.206.243.200,192.168.10.5,202305230019,7,6,13,0,81,1,0.253487,0.0,78,40,0.263021,0.000667,489,44,1
180.108.236.169,192.168.10.5,202305230018,1,6,7,0,23,1,-10000,-10000,44,44,16.240945,1.035256,44,44,1
192.168.10.20,192.168.10.5,202305230019,15,13,28,0,64297,1,4.989215,0.0,563,40,5.035592,0.0,3864,40,1
54.39.186.162,192.168.10.5,202305230019,4,3,7,0,3389,1,0.212057,0.0,83,40,0.167681,0.040079,59,40,1
36.36.136.10,192.168.10.5,202305230019,1,0,0,1,8082,1,-10000,-10000,70,70,-10000,-10000,-10000,-10000,1
45.88.194.38,192.168.10.5,202305230016,9,49,58,0,443,2,37.947984,0.001197,52,52,37.569523,0.0,52,52,1
62.204.41.80,192.168.10.5,202305230019,3,1,4,0,8989,1,0.265425,0.004419,44,40,-10000,-10000,44,44,1
83.48.70.199,192.168.10.5,202305230018,8,6,14,0,3389,1,46.721812,0.0,83,40,47.034914,0.032262,59,40,1
114.216.68.94,192.168.10.5,202305230019,1,6,7,0,23,1,-10000,-10000,44,44,16.240677,1.032692,44,44,1
192.168.10.4,192.168.10.5,202305230019,38,14,52,0,64297,1,5.037247,0.0,575,52,5.037261,0.0,3876,40,1
103.162.36.21,192.168.10.5,202305230019,4,3,7,0,3389,1,0.290725,0.0,83,40,0.192754,0.096324,59,40,1
218.92.0.108,192.168.10.5,202305230019,12,13,25,0,22,1,0.998235,1e-06,908,52,0.997919,0.0,699,52,1
198.98.55.202,192.168.10.5,202305230020,3,1,4,0,25460,1,0.171276,0.004418,44,40,-10000,-10000,44,44,1
185.233.19.94,192.168.10.5,202305230020,2,1,3,0,9200,1,0.074479,0.074479,44,44,-10000,-10000,44,44,1
162.142.125.132,192.168.10.5,202305230020,2,1,3,0,5985,1,0.156696,0.156696,44,40,-10000,-10000,44,44,1
162.142.125.216,192.168.10.5,202305230020,14,10,24,0,5985,1,1.153965,0.0,295,40,1.157218,0.0,60,40,1
198.235.24.235,192.168.10.5,202305230019,8,6,14,0,11553,1,51.800841,0.000999,259,40,52.032394,0.0,60,44,1
147.182.241.81,192.168.10.5,202305230019,24,20,44,0,19071,3,18.839172,0.000933,303,52,18.839705,0.0,60,52,1
106.51.86.194,192.168.10.5,202305230020,3,3,6,0,139,1,0.626745,0.6229,48,48,0.626796,0.622859,40,40,1
62.210.127.220,192.168.10.5,202305230020,5,5,10,0,6443,1,1.243358,0.0,278,52,1.007836,0.0,60,52,1
167.248.133.158,192.168.10.5,202305230020,2,1,3,0,8804,1,0.149857,0.149857,44,40,-10000,-10000,44,44,1
167.248.133.50,192.168.10.5,202305230020,13,9,22,0,8804,1,1.151108,0.000535,295,52,1.14418,0.0,60,52,1
162.142.125.160,192.168.10.5,202305230020,4,2,6,0,5985,2,16.635868,0.146294,60,40,16.790413,16.790413,60,60,1
185.142.236.38,192.168.10.5,202305230020,19,14,33,0,2556,1,2.649604,0.0,303,40,2.895359,0.0,60,44,1
138.197.216.42,192.168.10.5,202305230020,2,1,3,0,465,1,0.116186,0.116186,44,40,-10000,-10000,44,44,1
182.151.29.95,192.168.10.5,202305230021,5,6,11,0,5900,1,0.938352,0.0,64,52,0.693977,0.001178,64,52,1
47.252.17.62,192.168.10.5,202305230020,151,151,302,0,55481,1,1.182959,0.0,275,40,1.209678,0.0,60,44,1
45.79.168.172,192.168.10.5,202305230021,11,6,17,0,8443,3,6.493457,0.0003,148,40,8.14913,0.000345,44,40,1
193.57.40.49,192.168.10.5,202305230021,3,1,4,0,5871,1,0.232138,0.013977,44,40,-10000,-10000,44,44,1
193.177.182.74,192.168.10.5,202305230021,1,0,0,1,123,1,-10000,-10000,36,36,-10000,-10000,-10000,-10000,1
162.243.146.6,192.168.10.5,202305230021,1,6,7,0,1400,1,-10000,-10000,44,44,16.240984,1.01233,44,44,1
54.39.186.162,192.168.10.5,202305230021,4,3,7,0,3389,1,0.216874,0.000113,83,40,0.169025,0.046099,59,40,1
111.90.33.178,192.168.10.5,202305230021,8,6,14,0,3389,1,0.542455,0.00063,83,40,0.566818,0.035047,59,40,1
89.248.163.189,192.168.10.5,202305230021,3,1,4,0,3372,1,0.238023,0.0,44,40,-10000,-10000,44,44,1
162.142.125.244,192.168.10.5,202305230021,2,1,3,0,15624,1,0.135263,0.135263,44,40,-10000,-10000,44,44,1
162.142.125.216,192.168.10.5,202305230021,14,9,23,0,15624,1,1.161234,1e-06,295,40,1.150269,0.0,60,52,1
89.248.168.220,192.168.10.5,202305230022,3,1,4,0,52138,1,0.227551,0.004477,44,40,-10000,-10000,44,44,1
162.142.125.85,192.168.10.5,202305230022,2,1,3,0,21253,1,0.154278,0.154278,44,40,-10000,-10000,44,44,1
103.178.229.217,192.168.10.5,202305230021,11,7,18,0,5555,1,45.117989,0.0,402,40,2.162308,0.000399,199,44,1
162.142.125.11,192.168.10.5,202305230022,14,10,24,0,21253,1,1.158906,0.0,295,40,1.158417,0.0,60,40,1
47.252.17.62,192.168.10.5,202305230022,10,9,19,0,55481,1,1.1889,1e-06,96,52,1.186937,0.0,60,52,1
179.43.163.132,192.168.10.5,202305230022,6,5,11,0,4719,1,1.279374,0.000117,60,40,1.280206,0.0,60,44,1
118.89.56.206,192.168.10.5,202305230022,6,6,12,0,5900,1,0.519744,1e-06,64,52,0.519297,0.000938,64,52,1
198.235.24.201,192.168.10.5,202305230021,7,6,13,0,4567,1,57.609221,0.0,377,40,57.839907,0.0,60,44,1
14.97.200.93,192.168.10.5,202305230022,3,3,6,0,139,1,0.762626,0.75814,52,48,0.762578,0.758136,40,40,1
162.142.125.160,192.168.10.5,202305230022,6,3,9,0,15624,3,21.79633,0.149812,60,40,21.946003,13.139551,60,60,1
82.157.41.6,192.168.10.5,202305230022,1,6,7,0,2375,1,-10000,-10000,44,44,16.240647,1.033676,44,44,1
162.142.125.141,192.168.10.5,202305230022,2,1,3,0,9200,1,0.155566,0.155566,44,40,-10000,-10000,44,44,1
162.142.125.214,192.168.10.5,202305230022,19,12,31,0,9200,1,0.157884,0.0,228,52,0.155627,0.002497,2343,52,1
139.5.17.228,192.168.10.5,202305230022,3,3,6,0,139,1,0.712567,0.71253,48,48,0.712708,0.711714,40,40,1
95.214.55.244,192.168.10.5,202305230022,6,7,13,0,8093,1,1.284493,0.0,2856,52,1.008911,0.0,60,52,1
107.170.249.64,192.168.10.5,202305230022,2,1,3,0,21,1,0.119737,0.119737,44,40,-10000,-10000,44,44,1
141.196.130.41,192.168.10.5,202305230022,7,4,11,0,23,1,31.085586,0.023906,60,40,31.435968,0.337741,60,44,1
185.81.68.110,192.168.10.5,202305230023,1,1,2,0,303,1,-10000,-10000,44,44,-10000,-10000,40,40,1
89.248.165.52,192.168.10.5,202305230023,22,17,39,0,8081,1,1.266907,0.0,111,40,1.008726,0.0,60,40,1
49.205.198.119,192.168.10.5,202305230023,3,3,6,0,139,1,0.705117,0.678025,52,48,0.705055,0.677964,40,40,1
192.241.224.14,192.168.10.5,202305230023,1,0,0,1,47808,1,-10000,-10000,52,52,-10000,-10000,-10000,-10000,1
205.210.31.57,192.168.10.5,202305230023,4,4,8,0,5800,1,1.249991,0.0,44,44,1.382149,1e-06,44,40,1
103.162.36.21,192.168.10.5,202305230023,4,3,7,0,3389,1,0.112902,0.0,83,40,0.093854,0.018631,59,40,1
43.142.125.58,192.168.10.5,202305230023,6,5,11,0,6379,1,0.465663,0.0,66,52,0.465615,0.07437,64,52,1
218.92.0.34,192.168.10.5,202305230023,12,17,29,0,22,1,2.482036,0.0,908,40,2.440494,0.0,699,52,1
167.94.138.99,192.168.10.5,202305230023,2,1,3,0,2087,1,0.207028,0.207028,44,40,-10000,-10000,44,44,1
167.94.138.34,192.168.10.5,202305230023,14,10,24,0,2087,1,1.218044,0.0,295,40,1.214402,0.0,60,40,1
162.142.125.160,192.168.10.5,202305230023,2,1,3,0,2087,1,0.146579,0.146579,60,40,-10000,-10000,60,60,1
54.39.186.162,192.168.10.5,202305230024,4,3,7,0,3389,1,0.216897,0.0,83,40,0.171229,0.045671,59,40,1
49.248.164.130,192.168.10.5,202305230024,3,3,6,0,139,1,0.701833,0.69708,52,48,0.702031,0.696986,40,40,1
89.248.168.220,192.168.10.5,202305230023,6,2,8,0,55521,2,40.080531,0.002215,44,40,40.330494,40.330494,44,44,1
91.240.118.71,192.168.10.5,202305230024,3,1,4,0,39019,1,0.27112,0.00226,44,40,-10000,-10000,44,44,1
185.224.128.23,192.168.10.5,202305230024,2,1,3,0,5060,1,0.270169,0.270169,44,40,-10000,-10000,44,44,1
114.215.179.136,192.168.10.5,202305230024,5,5,10,0,5900,1,0.183809,0.0,64,52,0.184211,0.000732,64,52,1
117.4.139.147,192.168.10.5,202305230024,5,5,10,0,5900,1,0.220025,1e-06,64,52,0.218958,0.000696,64,52,1
107.170.249.64,192.168.10.5,202305230024,5,3,8,0,21,1,0.116757,0.0,60,52,0.116766,0.11446,75,52,1
128.116.76.29,192.168.10.5,202305230022,21,48,69,0,443,2,32.223233,0.036935,52,40,32.416102,0.0,52,52,1
176.113.115.104,192.168.10.5,202305230024,1,1,2,0,305,1,-10000,-10000,44,44,-10000,-10000,40,40,1
182.61.47.229,192.168.10.5,202305230024,6,8,14,0,5900,1,1.23435,1e-06,64,52,1.008126,0.001178,64,52,1
185.122.204.71,192.168.10.5,202305230024,1,1,2,0,304,1,-10000,-10000,44,44,-10000,-10000,40,40,1
118.123.105.90,192.168.10.5,202305230024,8,7,15,0,4369,1,12.181793,0.000631,64,40,12.429239,0.0,60,44,1
185.233.19.92,192.168.10.5,202305230024,2,1,3,0,9000,1,0.092346,0.092346,44,44,-10000,-10000,44,44,1
89.248.163.200,192.168.10.5,202305230025,3,1,4,0,8181,1,0.249933,0.006835,44,40,-10000,-10000,44,44,1
89.248.165.85,192.168.10.5,202305230025,19,16,35,0,50726,1,1.267819,0.0,163,40,1.00869,0.0,60,40,1
162.243.192.8,192.168.10.5,202305230025,1,1,2,0,544,1,-10000,-10000,44,44,-10000,-10000,40,40,1
47.160.200.19,192.168.10.5,202305230025,2,1,3,0,23,1,0.177263,0.177263,44,40,-10000,-10000,44,44,1
162.243.146.6,192.168.10.5,202305230025,5,5,10,0,1400,1,1.126909,1e-06,76,52,1.00866,0.0,60,52,1
192.241.236.28,192.168.10.5,202305230024,6,11,17,0,18080,1,59.318828,0.0,77,44,27.593448,1e-06,60,44,1
111.90.33.178,192.168.10.5,202305230025,8,6,14,0,3389,1,0.176072,1e-06,83,40,0.195686,0.029943,59,40,1
146.88.240.4,192.168.10.5,202305230025,1,0,0,1,47808,1,-10000,-10000,45,45,-10000,-10000,-10000,-10000,1
64.62.197.54,192.168.10.5,202305230025,2,1,3,0,8001,1,0.122149,0.122149,44,40,-10000,-10000,44,44,1
89.248.168.220,192.168.10.5,202305230025,3,1,4,0,56264,1,0.224037,0.009236,44,40,-10000,-10000,44,44,1
194.87.151.140,192.168.10.5,202305230026,8,9,17,0,25,1,0.250758,0.000893,52,40,0.250212,0.000541,112,40,1
218.58.139.231,192.168.10.5,202305230026,5,5,10,0,5900,1,0.067642,0.0,64,52,0.066834,0.001092,64,52,1
103.162.36.21,192.168.10.5,202305230026,4,3,7,0,3389,1,0.129868,0.0,83,40,0.095177,0.030194,59,40,1
45.128.232.62,192.168.10.5,202305230026,2,1,3,0,22,1,0.250836,0.250836,44,40,-10000,-10000,44,44,1
64.62.197.50,192.168.10.5,202305230026,6,5,11,0,8001,1,1.126643,7.8e-05,261,40,1.00763,1e-06,48,40,1
83.48.70.199,192.168.10.5,202305230020,36,27,63,0,3389,1,60.067792,0.0,83,40,60.377682,0.0159,59,40,1
54.39.186.162,192.168.10.5,202305230026,4,3,7,0,3389,1,0.213911,0.00059,83,40,0.166329,0.043041,59,40,1
128.116.76.29,192.168.10.5,202305230025,2,12,14,0,80,1,7.081498,7.081498,52,52,9.276379,0.150261,52,52,1
152.89.198.103,192.168.10.5,202305230026,1,1,2,0,302,1,-10000,-10000,44,44,-10000,-10000,40,40,1
106.12.29.34,192.168.10.5,202305230026,6,6,12,0,5900,1,1.000917,1e-06,64,52,1.000721,0.000742,64,52,1
64.62.197.157,192.168.10.5,202305230026,1,1,2,0,800,1,-10000,-10000,44,44,-10000,-10000,40,40,1
212.102.40.218,192.168.10.5,202305230026,60,44,104,0,8443,1,0.151969,0.0,492,40,0.152274,0.0,1503,40,1
107.170.48.12,192.168.10.5,202305230025,15,9,24,0,1433,1,33.147652,0.092965,104,52,33.315537,0.005263,95,52,1
118.193.103.201,192.168.10.5,202305230027,4,4,8,0,22609,1,1.21184,0.0,44,40,1.207277,0.0,44,40,1
49.206.197.126,192.168.10.5,202305230027,3,3,6,0,139,1,0.625594,0.617212,52,48,0.625595,0.617163,40,40,1
94.102.49.43,192.168.10.5,202305230027,3,1,4,0,46395,1,0.243443,0.004983,44,40,-10000,-10000,44,44,1
179.43.177.244,192.168.10.5,202305230027,10,14,24,0,80,1,0.287179,0.0,579,40,0.299869,0.0,2856,40,1
124.221.178.222,192.168.10.5,202305230027,6,6,12,0,5900,1,0.467975,1e-06,64,52,0.468023,0.00133,64,52,1
119.23.228.24,192.168.10.5,202305230027,6,6,12,0,5900,1,0.52999,0.0,64,52,0.52999,0.000732,64,52,1
120.26.196.119,192.168.10.5,202305230027,5,5,10,0,5900,1,0.183456,0.0,64,52,0.185034,0.000919,64,52,1
62.232.138.94,192.168.10.5,202305230027,3,1,4,0,34443,1,0.232077,0.014026,44,40,-10000,-10000,44,44,1
62.233.50.217,192.168.10.5,202305230027,3,1,4,0,8563,1,0.271364,0.0,44,40,-10000,-10000,44,44,1
128.116.89.55,192.168.10.5,202305230025,11,55,66,0,443,2,78.493994,0.030865,52,52,46.827311,0.0,52,44,1
150.158.178.246,192.168.10.5,202305230027,2,2,4,0,6379,1,1.233878,1.233878,60,40,1.00859,1.00859,60,60,1
103.66.56.218,192.168.10.5,202305230027,1,6,7,0,6379,1,-10000,-10000,60,60,16.244674,1.015834,60,60,1
103.162.36.21,192.168.10.5,202305230028,1,1,2,0,3389,1,-10000,-10000,83,83,-10000,-10000,40,40,1
218.92.0.23,192.168.10.5,202305230028,12,14,26,0,22,1,0.596925,1e-06,908,52,0.569566,0.000149,699,52,1
147.182.241.81,192.168.10.5,202305230021,111,89,200,0,50100,11,50.536718,0.0,345,52,50.537652,0.0,100,40,1
103.158.96.154,192.168.10.5,202305230028,2,7,9,0,3389,1,2.34114,2.34114,52,52,16.237176,1.014565,52,52,1
141.98.6.131,192.168.10.5,202305230025,21,19,40,0,23,1,15.243531,0.0,61,40,15.278073,0.000456,76,40,1
128.116.76.29,192.168.10.5,202305230027,20,25,45,0,443,2,24.977587,0.003524,52,40,22.698413,0.0,52,44,1
218.22.52.196,192.168.10.5,202305230028,12,12,24,0,22,1,1.216525,0.0,1048,40,0.979168,0.001499,687,40,1
192.241.233.45,192.168.10.5,202305230028,2,1,3,0,465,1,0.115013,0.115013,44,40,-10000,-10000,44,44,1
54.39.186.162,192.168.10.5,202305230028,4,3,7,0,3389,1,0.214542,0.0,83,40,0.16918,0.045325,59,40,1
162.142.125.139,192.168.10.5,202305230029,2,1,3,0,49502,1,0.154429,0.154429,44,40,-10000,-10000,44,44,1
192.168.3.118,172.29.148.192,202305230027,20,0,20,0,55443,1,12.857854,1.005222,60,60,-10000,-10000,-10000,-10000,0
162.142.125.14,192.168.10.5,202305230029,14,11,25,0,49502,1,1.155978,0.000173,295,52,1.153414,0.0,60,40,1
162.142.125.160,192.168.10.5,202305230029,2,1,3,0,49502,1,0.150161,0.150161,60,40,-10000,-10000,60,60,1
114.33.167.224,192.168.10.5,202305230029,2,1,3,0,23,1,0.107904,0.107904,44,40,-10000,-10000,44,44,1
89.248.165.104,192.168.10.5,202305230029,3,1,4,0,1107,1,0.244007,0.010428,44,40,-10000,-10000,44,44,1
87.236.176.29,192.168.10.5,202305230029,4,4,8,0,2031,1,1.254747,1e-06,60,52,1.253497,0.0,60,52,1
111.90.33.178,192.168.10.5,202305230029,7,7,14,0,3389,1,0.34315,0.0,83,40,0.31734,0.029448,59,40,1
83.48.70.199,192.168.10.5,202305230027,16,12,28,0,3389,1,60.066582,0.0,83,40,60.388505,0.029664,59,40,1
167.94.146.28,192.168.10.5,202305230029,2,1,3,0,56613,1,0.266708,0.266708,44,40,-10000,-10000,44,44,1
167.94.146.60,192.168.10.5,202305230029,14,9,23,0,56613,1,1.266909,0.0,295,40,1.258131,0.0,60,52,1
218.92.0.22,192.168.10.5,202305230029,14,13,27,0,22,1,1.486471,1e-06,923,52,1.258199,0.001288,676,52,1
185.122.204.71,192.168.10.5,202305230030,1,1,2,0,308,1,-10000,-10000,44,44,-10000,-10000,40,40,1
124.223.169.131,192.168.10.5,202305230030,5,6,11,0,5900,1,0.739244,0.0,64,52,0.566481,0.001305,64,52,1
170.64.173.55,192.168.10.5,202305222327,5576,4491,10067,0,22,1,29.607364,0.0,1060,40,29.760773,0.0,699,44,1
124.222.93.58,192.168.10.5,202305230030,5,5,10,0,5900,1,0.176073,0.0,64,52,0.17572,0.000992,64,52,1
89.248.168.220,192.168.10.5,202305230030,3,1,4,0,57130,1,0.240457,0.000921,44,40,-10000,-10000,44,44,1
59.80.22.112,192.168.10.5,202305230030,5,5,10,0,5900,1,0.110815,0.0,64,52,0.110517,0.001194,64,52,1
128.116.74.85,192.168.10.5,202305230029,4,2,6,0,443,2,23.677819,0.183184,52,40,23.892323,23.892323,52,52,1
124.223.73.187,192.168.10.5,202305230030,6,8,14,0,5900,1,1.211777,0.0,64,52,1.034064,0.001392,64,52,1
94.102.49.43,192.168.10.5,202305230030,3,1,4,0,45894,1,0.242622,0.001041,44,40,-10000,-10000,44,44,1
152.89.198.103,192.168.10.5,202305230030,1,1,2,0,306,1,-10000,-10000,44,44,-10000,-10000,40,40,1
162.142.125.246,192.168.10.5,202305230030,2,1,3,0,12897,1,0.142785,0.142785,44,40,-10000,-10000,44,44,1
147.78.47.223,192.168.10.5,202305230030,3,1,4,0,7443,1,0.235628,0.139122,44,40,-10000,-10000,44,44,1
61.61.24.225,192.168.10.5,202305230030,1,0,0,1,123,1,-10000,-10000,32,32,-10000,-10000,-10000,-10000,1
180.115.46.152,192.168.10.5,202305230029,1,6,7,0,23,1,-10000,-10000,44,44,16.240792,1.034389,44,44,1
162.142.125.214,192.168.10.5,202305230030,13,9,22,0,12897,1,1.157314,0.0,295,52,1.147886,0.0,60,52,1
162.142.125.160,192.168.10.5,202305230030,2,1,3,0,12897,1,0.162313,0.162313,60,40,-10000,-10000,60,60,1
147.182.241.81,192.168.10.5,202305230029,17,14,31,0,7777,2,29.675061,0.0,303,52,29.835554,0.0,60,52,1
216.218.206.93,192.168.10.5,202305230030,2,1,3,0,8080,1,0.112618,0.112618,44,40,-10000,-10000,44,44,1
198.235.24.183,192.168.10.5,202305230029,8,6,14,0,50995,1,52.80359,0.0,378,40,53.033438,0.00013,60,44,1
64.62.197.14,192.168.10.5,202305230030,1,0,0,1,500,1,-10000,-10000,220,220,-10000,-10000,-10000,-10000,1
180.101.88.247,192.168.10.5,202305230030,11,13,24,0,22,1,2.181143,0.0,908,52,1.309103,0.00138,699,52,1
216.218.206.85,192.168.10.5,202305230030,6,5,11,0,8080,1,1.125425,0.000298,202,40,1.008567,0.0,48,40,1
112.87.188.240,192.168.10.5,202305230030,1,6,7,0,23,1,-10000,-10000,44,44,16.240643,1.032289,44,44,1
113.142.66.88,192.168.10.5,202305230031,6,7,13,0,5900,1,1.003041,1e-06,64,52,1.003053,0.001345,64,52,1
103.162.36.21,192.168.10.5,202305230031,4,3,7,0,3389,1,0.181381,0.000924,83,40,0.094875,0.082821,59,40,1
84.54.50.163,192.168.10.5,202305230031,11,13,18,6,49654,3,5.041569,0.00127,621,52,5.042464,0.000584,117,39,1
54.39.186.162,192.168.10.5,202305230031,4,3,7,0,3389,1,0.221673,1e-06,83,40,0.161077,0.058855,59,40,1
185.142.236.34,192.168.10.5,202305230031,14,11,25,0,1935,1,2.216342,1e-06,303,40,2.534261,0.0,60,44,1
89.248.163.189,192.168.10.5,202305230031,3,1,4,0,3395,1,0.254445,0.004719,44,40,-10000,-10000,44,44,1
106.14.107.14,192.168.10.5,202305230031,6,6,12,0,5900,1,1.000599,0.0,64,52,1.000599,0.00147,64,52,1
106.54.181.82,192.168.10.5,202305230031,6,6,12,0,5900,1,0.550216,0.0,64,52,0.550216,0.001079,64,52,1
120.79.43.91,192.168.10.5,202305230031,5,5,10,0,5900,1,0.207374,0.0,64,52,0.206054,0.001478,64,52,1
185.81.68.110,192.168.10.5,202305230031,1,1,2,0,307,1,-10000,-10000,44,44,-10000,-10000,40,40,1
128.116.74.85,192.168.10.5,202305230031,10,10,20,0,80,2,18.290303,0.041786,52,40,18.465916,0.041786,52,52,1
45.201.206.144,192.168.10.5,202305230029,13,18,31,0,23,1,53.729141,0.262732,60,40,51.053221,0.049505,64,44,1
147.182.241.81,192.168.10.5,202305230031,17,14,31,0,3551,2,24.543253,0.007133,206,52,24.543883,0.0,60,52,1
192.241.233.45,192.168.10.5,202305230032,4,4,8,0,465,1,0.11645,0.001534,71,52,0.118136,0.000554,60,52,1
45.147.250.208,192.168.10.5,202305230032,2,1,3,0,22,1,0.263073,0.263073,44,40,-10000,-10000,44,44,1
128.116.76.29,192.168.10.5,202305230030,18,45,63,0,80,2,51.253311,0.010727,52,40,26.431537,0.0,52,52,1
193.35.18.61,192.168.10.5,202305230030,188,514,702,0,22,1,32.038549,0.0,4258,52,32.281467,0.0,5660,52,1
89.248.168.220,192.168.10.5,202305230032,3,1,4,0,53477,1,0.252343,0.003206,44,40,-10000,-10000,44,44,1
83.48.70.199,192.168.10.5,202305230031,16,12,28,0,3389,1,59.562237,0.0,83,40,59.882743,0.02737,59,40,1
106.14.41.171,192.168.10.5,202305230033,5,5,10,0,5900,1,0.1788,0.0,64,52,0.179463,0.001454,64,52,1
218.92.0.34,192.168.10.5,202305230033,12,14,26,0,22,1,0.996123,0.0,908,52,0.995939,0.00132,699,52,1
36.134.102.251,192.168.10.5,202305230033,7,8,15,0,5900,1,3.728791,0.0,64,52,3.728791,0.000998,64,52,1
111.90.33.178,192.168.10.5,202305230033,8,6,14,0,3389,1,3.002795,0.002087,83,40,3.039551,0.004399,59,40,1
47.252.10.101,192.168.10.5,202305230032,151,153,304,0,54857,1,1.186522,0.0,275,40,1.181262,0.0,60,44,1
54.39.186.162,192.168.10.5,202305230033,4,3,7,0,3389,1,0.238284,0.002314,83,40,0.165249,0.072965,59,40,1
45.201.206.144,192.168.10.5,202305230033,1,0,1,0,23,1,-10000,-10000,52,52,-10000,-10000,-10000,-10000,1
192.168.10.20,192.168.10.5,202305230034,15,14,29,0,64297,1,4.991919,0.0,563,40,5.036092,0.0,3864,40,1
89.248.163.189,192.168.10.5,202305230034,3,1,4,0,3330,1,0.238922,1e-06,44,40,-10000,-10000,44,44,1
89.248.168.220,192.168.10.5,202305230034,3,1,4,0,52777,1,0.245154,0.0,44,40,-10000,-10000,44,44,1
89.248.165.104,192.168.10.5,202305230034,3,1,4,0,9320,1,0.240415,0.025909,44,40,-10000,-10000,44,44,1
192.168.10.4,192.168.10.5,202305230034,34,12,46,0,64297,1,5.037153,0.0,575,52,5.037138,0.0,3876,40,1
188.166.7.77,192.168.10.5,202305230035,2,1,3,0,31022,1,0.273825,0.273825,44,40,-10000,-10000,44,44,1
124.156.47.36,192.168.10.5,202305230035,5,5,10,0,5900,1,0.133787,0.0,64,52,0.133311,0.001029,64,52,1
120.79.85.217,192.168.10.5,202305230035,7,8,15,0,5900,1,2.008982,0.0,64,52,1.017225,0.001493,64,52,1
210.245.120.117,192.168.10.5,202305230035,3,1,4,0,3333,1,0.095898,0.007131,44,40,-10000,-10000,44,44,1
198.235.24.127,192.168.10.5,202305230035,4,4,8,0,2222,1,1.326214,0.0,44,44,1.172729,0.0,44,40,1
89.248.163.189,192.168.10.5,202305230035,3,1,4,0,3317,1,0.241342,0.006201,44,40,-10000,-10000,44,44,1
106.13.223.201,192.168.10.5,202305230035,8,10,18,0,5900,1,0.655458,0.0,64,52,0.52798,0.001097,64,52,1
49.12.46.85,192.168.10.5,202305230035,6,6,12,0,25565,1,1.253239,1e-06,71,52,1.008337,0.0,60,52,1
176.113.115.104,192.168.10.5,202305230035,1,1,2,0,309,1,-10000,-10000,44,44,-10000,-10000,40,40,1
103.162.36.21,192.168.10.5,202305230035,8,6,14,0,3389,1,23.872106,0.0,83,40,23.97369,0.030663,59,40,1
47.252.10.101,192.168.10.5,202305230035,10,9,19,0,54857,1,1.184123,0.003568,96,52,1.179973,0.0,60,52,1
162.243.200.13,192.168.10.5,202305230035,7,6,13,0,1900,1,1.32537,1e-06,60,40,1.326116,0.0,60,40,1
94.102.49.43,192.168.10.5,202305230036,3,1,4,0,50057,1,0.240369,0.003256,44,40,-10000,-10000,44,44,1
36.138.197.31,192.168.10.5,202305230036,5,6,11,0,5900,1,0.392623,0.0,64,52,0.320051,0.001173,64,52,1
91.240.118.224,192.168.10.5,202305230036,3,1,4,0,5589,1,0.284492,0.000638,44,40,-10000,-10000,44,44,1
54.39.186.162,192.168.10.5,202305230036,4,3,7,0,3389,1,0.239472,1e-06,83,40,0.163361,0.075878,59,40,1
83.48.70.199,192.168.10.5,202305230034,16,12,28,0,3389,1,49.475821,0.0,83,40,49.802712,0.027301,59,40,1
211.210.79.220,192.168.10.5,202305230035,596,465,1061,0,22,1,1.110015,0.0,1012,52,0.981689,0.0,699,52,1
94.102.50.103,192.168.10.5,202305230036,3,1,4,0,15433,1,0.242759,0.000633,44,40,-10000,-10000,44,44,1
101.43.111.184,192.168.10.5,202305230036,5,6,11,0,5900,1,0.802515,1e-06,64,52,0.607562,0.000996,64,52,1
205.210.31.227,192.168.10.5,202305230035,8,6,14,0,1112,1,54.3711,1e-06,259,40,54.636187,0.0,60,44,1
150.158.50.247,192.168.10.5,202305230036,8,9,17,0,5900,1,5.617101,0.0,64,52,5.6171,0.000967,64,52,1
162.246.23.7,192.168.10.5,202305230036,1,0,0,1,1434,1,-10000,-10000,80,80,-10000,-10000,-10000,-10000,1
74.82.47.38,192.168.10.5,202305230036,2,1,3,0,8090,1,0.122145,0.122145,44,40,-10000,-10000,44,44,1
188.166.7.77,192.168.10.5,202305230037,4,4,8,0,31022,1,1.266626,0.0,60,52,1.264379,0.0,60,52,1
218.92.0.29,192.168.10.5,202305230037,12,14,26,0,22,1,0.952057,0.0,908,52,0.70794,0.000985,699,52,1
74.82.47.2,192.168.10.5,202305230037,6,5,11,0,8090,1,1.146036,0.0,216,40,1.008617,0.0,48,40,1
111.90.33.178,192.168.10.5,202305230037,8,7,15,0,3389,1,0.91903,0.001197,83,40,1.072727,0.023904,59,40,1
185.122.204.71,192.168.10.5,202305230037,1,1,2,0,312,1,-10000,-10000,44,44,-10000,-10000,40,40,1
185.81.68.110,192.168.10.5,202305230037,1,1,2,0,311,1,-10000,-10000,44,44,-10000,-10000,40,40,1
39.153.143.55,192.168.10.5,202305230037,4,4,8,0,43136,1,1.15464,0.005941,48,40,1.176224,0.0,44,40,1
146.88.240.4,192.168.10.5,202305230037,1,0,0,1,19,1,-10000,-10000,29,29,-10000,-10000,-10000,-10000,1
89.248.165.104,192.168.10.5,202305230037,3,1,4,0,4488,1,0.259445,0.028281,44,40,-10000,-10000,44,44,1
152.89.198.103,192.168.10.5,202305230037,1,1,2,0,310,1,-10000,-10000,44,44,-10000,-10000,40,40,1
83.48.70.199,192.168.10.5,202305230037,8,7,15,0,3389,1,25.560889,0.0,83,40,25.883499,0.0,59,40,1
106.15.229.166,192.168.10.5,202305230038,5,5,10,0,5900,1,0.185021,0.0,64,52,0.184249,0.00145,64,52,1
120.25.227.158,192.168.10.5,202305230038,6,6,12,0,5900,1,0.523446,0.0,64,52,0.523446,0.000889,64,52,1
106.55.7.207,192.168.10.5,202305230038,6,7,13,0,5900,1,0.860026,0.000588,64,52,0.647664,0.001151,64,52,1
45.95.147.220,192.168.10.5,202305230013,702,683,1385,0,22,1,35.157827,0.0,700,40,35.397211,0.0,900,40,1
101.34.37.129,192.168.10.5,202305230038,5,7,12,0,5900,1,1.266977,1e-06,64,52,0.547775,0.00129,64,52,1
36.133.125.177,192.168.10.5,202305230038,5,5,10,0,5900,1,0.104194,0.0,64,52,0.1032,0.000983,64,52,1
54.39.186.162,192.168.10.5,202305230038,4,3,7,0,3389,1,0.253848,0.001141,83,40,0.170519,0.078135,59,40,1
162.142.125.243,192.168.10.5,202305230038,2,1,3,0,26314,1,0.151901,0.151901,44,40,-10000,-10000,44,44,1
162.142.125.217,192.168.10.5,202305230038,13,9,22,0,26314,1,1.159087,0.0,295,52,1.150956,1e-06,60,52,1
162.142.125.160,192.168.10.5,202305230038,2,1,3,0,26314,1,0.151068,0.151068,60,40,-10000,-10000,60,60,1
103.162.36.21,192.168.10.5,202305230039,4,3,7,0,3389,1,0.145644,0.000935,83,40,0.096004,0.049345,59,40,1
114.132.156.71,192.168.10.5,202305230039,5,6,11,0,5900,1,0.862112,0.0,64,52,0.646032,0.00114,64,52,1
114.132.71.92,192.168.10.5,202305230039,5,6,11,0,5900,1,0.863622,0.0,64,52,0.647003,0.001325,64,52,1
114.132.218.137,192.168.10.5,202305230039,5,5,10,0,5900,1,0.204305,0.0,64,52,0.203457,0.000959,64,52,1
206.189.200.78,192.168.10.5,202305230039,2,1,3,0,2327,1,0.15912,0.15912,44,40,-10000,-10000,44,44,1
205.210.31.252,192.168.10.5,202305230038,20,18,38,0,3388,1,59.785339,0.0,464,40,60.054437,0.0,60,40,1
192.241.233.16,192.168.10.5,202305230039,5,7,12,0,1414,1,1.129311,0.0,76,52,16.240687,0.0,60,44,1
83.48.70.199,192.168.10.5,202305230039,4,3,7,0,3389,1,0.393511,0.0,83,40,0.313378,0.078097,59,40,1
116.63.171.234,192.168.10.5,202305230039,5,6,11,0,5900,1,0.444743,0.0,64,52,0.335425,0.001086,64,52,1
147.182.241.81,192.168.10.5,202305230033,330,254,584,0,443,12,52.766147,0.0,624,52,52.766929,0.0,1514,40,1
107.170.253.18,192.168.10.5,202305230039,1,1,2,0,20,1,-10000,-10000,44,44,-10000,-10000,40,40,1
103.203.59.8,192.168.10.5,202305230039,2,1,3,0,143,1,0.00773,0.00773,44,40,-10000,-10000,44,44,1
103.203.59.9,192.168.10.5,202305230039,5,3,8,0,143,1,0.008392,0.000262,60,52,0.007039,0.006738,81,52,1
198.199.104.26,192.168.10.5,202305230039,6,11,17,0,21967,1,33.597109,0.0,166,44,16.240254,0.0,60,44,1
87.236.176.32,192.168.10.5,202305230040,4,4,8,0,8886,1,1.274662,0.008028,60,52,1.276452,0.0,60,52,1
94.102.61.33,192.168.10.5,202305230040,1,0,0,1,4343,1,-10000,-10000,57,57,-10000,-10000,-10000,-10000,1
176.113.115.104,192.168.10.5,202305230040,1,1,2,0,313,1,-10000,-10000,44,44,-10000,-10000,40,40,1
8.210.74.116,192.168.10.5,202305230040,1,0,0,1,5353,1,-10000,-10000,97,97,-10000,-10000,-10000,-10000,1
124.221.254.119,192.168.10.5,202305230040,5,5,10,0,5900,1,0.178431,1e-06,64,52,0.177595,0.000836,64,52,1
139.162.88.109,192.168.10.5,202305230040,1,0,0,1,53,1,-10000,-10000,78,78,-10000,-10000,-10000,-10000,1
103.56.61.132,192.168.10.5,202305230040,7,6,13,0,5820,1,21.254898,0.002333,127,40,21.304486,0.0,60,44,1
125.228.83.91,192.168.10.5,202305230040,9,8,17,0,23,1,40.374847,0.027404,60,40,40.724226,0.29911,60,44,1
54.39.186.162,192.168.10.5,202305230041,4,3,7,0,3389,1,0.209748,0.0,83,40,0.165293,0.046351,59,40,1
111.90.33.178,192.168.10.5,202305230041,8,7,15,0,3389,1,0.406332,0.0,83,40,0.449725,0.021863,59,40,1
198.199.108.217,192.168.10.5,202305230040,1,6,7,0,18091,1,-10000,-10000,44,44,16.239744,1.030068,44,44,1
167.94.145.18,192.168.10.5,202305230041,2,1,3,0,59099,1,0.251085,0.251085,44,40,-10000,-10000,44,44,1
167.94.145.57,192.168.10.5,202305230041,14,11,25,0,59099,1,1.27021,0.0,295,40,1.260476,0.0,60,40,1
94.102.61.4,192.168.10.5,202305230039,27,41,68,0,10302,4,46.710064,0.0,260,44,24.219694,0.0,60,44,1
218.92.0.17,192.168.10.5,202305230041,11,11,22,0,22,1,0.807574,0.0,908,52,0.606319,0.000886,699,52,1
192.241.241.33,192.168.10.5,202305230041,3,2,5,0,1110,1,0.162932,0.08809,44,40,0.249724,0.249724,44,40,1
205.210.31.214,192.168.10.5,202305230041,8,6,14,0,7080,1,49.46546,0.000123,377,40,49.732122,0.0,60,44,1
124.223.57.237,192.168.10.5,202305230042,5,7,12,0,5900,1,1.396507,0.0,64,52,0.612264,0.000734,64,52,1
121.5.22.7,192.168.10.5,202305230042,6,7,13,0,5900,1,0.741977,0.001558,64,52,0.560401,0.000844,64,52,1
122.51.127.85,192.168.10.5,202305230042,5,7,12,0,5900,1,0.732765,0.0,64,52,0.561791,0.001536,64,52,1
101.89.216.223,192.168.10.5,202305230042,5,5,10,0,5900,1,0.207766,0.0,64,52,0.206899,0.000802,64,52,1
205.210.31.205,192.168.10.5,202305230041,8,6,14,0,8888,1,55.973654,0.0,377,40,56.235173,0.0,60,44,1
152.89.198.103,192.168.10.5,202305230042,1,1,2,0,314,1,-10000,-10000,44,44,-10000,-10000,40,40,1
82.157.41.6,192.168.10.5,202305230042,3,1,4,0,2376,1,0.468606,0.205491,44,40,-10000,-10000,44,44,1
61.177.172.185,192.168.10.5,202305230042,11,14,25,0,22,1,1.453066,0.0,908,52,0.633798,4.9e-05,699,52,1
85.194.57.132,192.168.10.5,202305230041,7,4,11,0,23,1,31.36501,0.00358,60,40,31.627618,0.263756,60,44,1
141.98.6.222,192.168.10.5,202305230041,11,7,18,0,5555,1,44.644571,0.0,390,40,0.673249,0.000499,199,44,1
58.211.207.70,192.168.10.5,202305230042,5,6,11,0,5900,1,0.840925,0.000289,64,52,0.630592,0.001306,64,52,1
83.48.70.199,192.168.10.5,202305230041,16,12,28,0,3389,1,59.034671,0.0,83,40,59.345522,0.026819,59,40,1
185.81.68.110,192.168.10.5,202305230042,1,1,2,0,315,1,-10000,-10000,44,44,-10000,-10000,40,40,1
47.74.96.31,192.168.10.5,202305230043,6,4,10,0,22,1,0.185918,0.0,44,40,0.184651,0.0004,63,40,1
89.248.165.118,192.168.10.5,202305230043,3,1,4,0,7246,1,0.252293,0.039029,44,40,-10000,-10000,44,44,1
125.124.103.150,192.168.10.5,202305230043,5,5,10,0,5900,1,0.199828,0.0,64,52,0.201057,0.001081,64,52,1
43.131.43.27,192.168.10.5,202305230043,17,13,30,0,5800,1,10.000027,1e-06,295,40,10.250747,0.0,60,52,1
147.182.241.81,192.168.10.5,202305230041,58,49,107,0,9869,6,42.378049,0.0,303,52,42.378502,0.0,60,52,1
94.102.61.28,192.168.10.5,202305230042,7,11,18,0,51235,1,23.93527,0.0,260,44,8.402247,0.0,60,44,1
54.39.186.162,192.168.10.5,202305230043,4,3,7,0,3389,1,0.308903,0.000671,83,40,0.168721,0.138901,59,40,1
62.210.127.220,192.168.10.5,202305230043,6,5,11,0,17443,1,1.249377,0.014614,278,52,1.008427,0.0,60,52,1
124.222.197.135,192.168.10.5,202305230043,6,7,13,0,5900,1,0.457554,0.0,64,52,0.456418,0.001136,64,52,1
185.122.204.71,192.168.10.5,202305230043,1,1,2,0,316,1,-10000,-10000,44,44,-10000,-10000,40,40,1
206.189.200.78,192.168.10.5,202305230043,4,4,8,0,2327,1,1.165012,0.0,60,52,1.16384,0.0,60,52,1
194.26.29.37,192.168.10.5,202305230043,3,1,4,0,3209,1,0.29788,0.014274,44,40,-10000,-10000,44,44,1
103.162.36.21,192.168.10.5,202305230043,1,1,2,0,3389,1,-10000,-10000,83,83,-10000,-10000,40,40,1
106.14.106.97,192.168.10.5,202305230043,8,12,20,0,5900,1,4.133735,0.000628,64,52,3.938464,0.001449,64,52,1
110.40.208.171,192.168.10.5,202305230043,5,6,11,0,5900,1,0.795133,0.0,64,52,0.603534,0.000931,64,52,1
198.199.108.217,192.168.10.5,202305230044,5,5,10,0,18091,1,1.134044,0.0,77,52,1.009014,0.0,60,52,1
43.142.23.15,192.168.10.5,202305230042,250,285,535,0,22,1,27.745555,0.0,1012,52,27.929819,0.0,699,52,1
94.102.49.43,192.168.10.5,202305230043,6,2,8,0,51019,2,13.588925,0.003558,44,40,13.835209,13.835209,44,44,1
183.136.225.9,192.168.10.5,202305230042,5,18,23,0,8161,1,31.966174,1e-06,227,40,35.054164,0.0,60,44,1
192.241.241.33,192.168.10.5,202305230044,5,4,9,0,1110,1,2.309655,0.046353,60,52,2.508103,1e-06,60,52,1
111.90.33.178,192.168.10.5,202305230045,8,7,15,0,3389,1,1.237124,0.000301,83,40,1.27442,0.033487,59,40,1
188.150.225.241,192.168.10.5,202305230045,2,3,5,0,23,1,3.333951,3.333951,44,40,2.030083,1.012694,44,44,1
218.92.0.22,192.168.10.5,202305230045,12,19,31,0,22,1,2.853737,0.0,908,40,1.28917,0.0001,699,52,1
103.162.36.21,192.168.10.5,202305230045,4,3,7,0,3389,1,0.129883,0.000894,83,40,0.094825,0.036596,59,40,1
185.233.19.16,192.168.10.5,202305230045,38,34,72,0,49152,1,1.072753,0.0,541,52,1.068223,0.0,60,52,1
103.158.96.154,192.168.10.5,202305230043,3,13,16,0,3389,1,80.824007,1.228182,52,52,50.21901,0.199561,52,52,1
162.243.138.10,192.168.10.5,202305230045,1,6,7,0,21967,1,-10000,-10000,44,44,16.24027,1.023982,44,44,1
128.116.2.224,192.168.10.5,202305230045,4,2,6,0,443,2,5.899668,0.291425,52,40,6.197183,6.197183,52,52,1
54.39.186.162,192.168.10.5,202305230045,4,4,8,0,3389,1,0.225145,0.0,83,40,0.165287,0.0,59,40,1
89.248.165.109,192.168.10.5,202305230046,3,1,4,0,16176,1,0.231535,0.002422,44,40,-10000,-10000,44,44,1
195.3.147.52,192.168.10.5,202305230045,10,12,22,0,22,1,1.295655,0.0,944,40,0.979836,0.001326,888,40,1
167.94.138.80,192.168.10.5,202305230046,1,0,0,1,27015,1,-10000,-10000,53,53,-10000,-10000,-10000,-10000,1
176.113.115.104,192.168.10.5,202305230046,1,1,2,0,317,1,-10000,-10000,44,44,-10000,-10000,40,40,1
89.248.168.220,192.168.10.5,202305230046,3,1,4,0,53451,1,0.232959,0.002441,44,40,-10000,-10000,44,44,1
153.125.69.143,192.168.10.5,202305230046,1,6,7,0,23,1,-10000,-10000,44,44,16.240522,1.024129,44,44,1
91.240.118.224,192.168.10.5,202305230047,3,1,4,0,8093,1,0.271107,0.011932,44,40,-10000,-10000,44,44,1
106.53.74.140,192.168.10.5,202305230047,5,5,10,0,5900,1,0.209129,0.0,64,52,0.208961,0.001167,64,52,1
147.182.241.81,192.168.10.5,202305230045,43,36,79,0,23424,4,38.545689,1e-06,303,52,38.546517,0.0,64,40,1
192.168.3.118,172.29.148.192,202305230045,20,0,20,0,55443,1,12.824155,1.01533,60,60,-10000,-10000,-10000,-10000,0
183.255.49.86,192.168.10.5,202305230047,6,6,12,0,5900,1,1.002675,0.0,64,52,1.002901,0.001677,64,52,1
103.162.36.21,192.168.10.5,202305230047,4,4,8,0,3389,1,0.13255,0.000107,83,40,0.097081,0.000197,59,40,1
167.94.138.145,192.168.10.5,202305230047,2,1,3,0,18049,1,0.198724,0.198724,44,40,-10000,-10000,44,44,1
162.142.125.141,192.168.10.5,202305230047,2,1,3,0,4444,1,0.144776,0.144776,44,40,-10000,-10000,44,44,1
167.94.138.50,192.168.10.5,202305230047,13,9,22,0,18049,1,1.212693,0.0,295,52,1.198151,0.0,60,52,1
162.142.125.226,192.168.10.5,202305230047,17,13,30,0,4444,1,1.158196,0.0,295,40,1.153697,0.0,154,40,1
185.233.19.92,192.168.10.5,202305230047,2,1,3,0,3128,1,0.109004,0.109004,44,44,-10000,-10000,44,44,1
162.243.138.10,192.168.10.5,202305230047,5,6,11,0,21967,1,1.128334,0.0,194,52,1.008985,0.0,60,52,1
162.142.125.253,192.168.10.5,202305230047,2,1,3,0,52551,1,0.158062,0.158062,44,40,-10000,-10000,44,44,1
162.142.125.215,192.168.10.5,202305230047,14,10,24,0,52551,1,1.160565,0.0,295,40,1.144789,0.0,60,40,1
162.142.125.160,192.168.10.5,202305230047,6,3,9,0,18049,3,21.530653,0.146281,60,40,21.676922,2.338098,60,60,1
167.99.3.72,192.168.10.5,202305230047,3,2,5,0,23622,1,0.158194,0.011883,44,40,0.169241,0.169241,44,40,1
114.132.248.19,192.168.10.5,202305230047,6,8,14,0,5900,1,0.851925,0.0,64,52,0.643521,0.000829,64,52,1
192.241.177.19,192.168.10.5,202305230047,2,1,3,0,22,1,0.16444,0.16444,44,40,-10000,-10000,44,44,1
47.252.9.60,192.168.10.5,202305230047,151,151,302,0,54321,1,1.190906,0.0,275,40,1.175657,0.0,60,44,1
36.138.248.95,192.168.10.5,202305230048,5,5,10,0,5900,1,0.107763,0.00153,64,52,0.106067,0.001496,64,52,1
78.142.18.220,192.168.10.5,202305230048,2,1,3,0,23,1,0.247545,0.247545,44,40,-10000,-10000,44,44,1
89.248.165.85,192.168.10.5,202305230048,21,17,38,0,53439,1,1.26424,0.0,115,40,1.009,0.0,60,52,1
8.210.193.85,192.168.10.5,202305230048,1,0,0,1,8080,1,-10000,-10000,126,126,-10000,-10000,-10000,-10000,1
54.39.186.162,192.168.10.5,202305230048,4,3,7,0,3389,1,0.252632,0.0,83,40,0.16406,0.08705,59,40,1
160.44.201.156,192.168.10.5,202305222339,2824,3684,6508,0,48268,245,47.302377,0.0,4136,40,47.303432,0.0,4282,40,1
103.158.96.154,192.168.10.5,202305230048,0,2,2,0,3389,1,-10000,-10000,-10000,-10000,1.036386,1.036386,40,40,1
103.178.229.173,192.168.10.5,202305230048,0,3,3,0,5555,1,-10000,-10000,-10000,-10000,0.342117,0.322134,52,52,1
51.79.250.110,192.168.10.5,202305230048,0,3,3,0,5555,1,-10000,-10000,-10000,-10000,0.342117,0.322134,52,52,1
183.136.225.9,192.168.10.5,202305230048,0,2,2,0,10001,1,-10000,-10000,-10000,-10000,0.563837,0.563837,52,52,1
146.88.240.4,192.168.10.5,202305230048,1,0,0,1,1604,1,-10000,-10000,70,70,-10000,-10000,-10000,-10000,1
125.72.163.132,192.168.10.5,202305230048,1,1,2,0,23,1,-10000,-10000,44,44,-10000,-10000,40,40,1
51.222.229.14,192.168.10.5,202305230048,2,2,4,0,80,1,8.492289,8.492289,52,52,8.492184,8.492184,40,40,1
101.43.142.92,192.168.10.5,202305230048,1,0,1,0,6379,1,-10000,-10000,60,60,-10000,-10000,-10000,-10000,1
111.90.33.178,192.168.10.5,202305230048,10,10,20,0,3389,1,3.098326,0.154878,52,52,3.098323,0.155124,40,40,1
185.122.204.71,192.168.10.5,202305230049,1,0,1,0,320,1,-10000,-10000,44,44,-10000,-10000,-10000,-10000,1
167.248.133.142,192.168.10.5,202305230049,1,0,1,0,58603,1,-10000,-10000,44,44,-10000,-10000,-10000,-10000,1
43.130.11.228,192.168.10.5,202305230049,1,0,1,0,6405,1,-10000,-10000,52,52,-10000,-10000,-10000,-10000,1
205.210.31.201,192.168.10.5,202305230048,6,1,7,0,1911,1,53.449755,0.264281,60,40,-10000,-10000,44,44,1
192.168.10.20,192.168.10.5,202305230049,15,6,21,0,64297,1,13.247499,0.240336,52,52,0.776296,0.504103,40,40,1
3.227.25.103,192.168.10.5,202305230049,12,12,24,0,52874,1,0.173951,0.0,5010,52,0.173474,0.0,569,40,1
172.64.207.5,192.168.10.5,202305230049,8,8,16,0,46866,1,0.013361,0.0,2856,52,0.013643,0.0,569,52,1
104.237.62.211,192.168.10.5,202305230049,11,12,23,0,49654,1,0.451907,0.0,2628,52,0.344971,0.0,575,40,1
79.98.145.42,192.168.10.5,202305230049,7,9,16,0,41700,1,0.275848,0.0,3631,52,0.295244,5.2e-05,569,40,1
193.108.88.1,192.168.10.5,202305230049,1,1,0,2,54783,1,-10000,-10000,90,90,-10000,-10000,86,86,1
74.82.47.44,192.168.10.5,202305230049,1,1,2,0,8880,1,-10000,-10000,44,44,-10000,-10000,40,40,1
205.210.31.252,192.168.10.5,202305230049,1,1,2,0,5289,1,-10000,-10000,44,44,-10000,-10000,40,40,1
192.168.10.4,192.168.10.5,202305230049,4,2,6,0,64297,1,0.001303,3.8e-05,60,60,0.001157,0.001157,40,40,1
152.89.198.103,192.168.10.5,202305230049,1,1,2,0,318,1,-10000,-10000,44,44,-10000,-10000,40,40,1
47.252.9.60,192.168.10.5,202305230049,16,16,32,0,54321,1,1.231072,0.1714,60,60,1.231071,0.1714,40,40,1
157.230.56.253,192.168.10.5,202305230049,2,0,2,0,8900,1,1.000892,1.000892,60,60,-10000,-10000,-10000,-10000,1
51.222.229.14,192.168.10.5,202305230050,4,4,8,0,443,2,1.504616,1.196062,52,52,1.504797,1.196249,40,40,1
218.92.0.95,192.168.10.5,202305230050,3,3,6,0,22,1,0.209462,0.206117,60,60,0.209462,0.206118,40,40,1
83.48.70.199,192.168.10.5,202305230044,33,27,60,0,3389,1,60.18862,0.0,83,40,60.517723,0.020098,59,40,1
220.220.248.9,192.168.10.5,202305230049,19,19,0,38,47340,10,30.494789,0.0,158,56,30.322051,0.0,74,54,1
192.168.10.1,192.168.10.5,202305230049,8,8,0,16,34727,4,5.91354,0.0,158,103,5.988588,0.0,74,71,1
52.86.106.76,192.168.10.5,202305230049,124,303,427,0,55996,3,6.257165,0.0,29494,52,6.081708,0.0,569,52,1
34.206.2.38,192.168.10.5,202305230050,13,15,28,0,52934,1,0.17634,0.0,3729,52,0.175849,0.0,569,40,1
49.12.234.183,192.168.10.5,202305230050,12,11,23,0,59722,1,0.273177,0.0,2856,52,0.266367,0.0,569,40,1
89.248.163.200,192.168.10.5,202305230050,1,1,2,0,5432,1,-10000,-10000,44,44,-10000,-10000,40,40,1
122.114.15.135,192.168.10.5,202305230050,1,1,2,0,5900,1,-10000,-10000,60,60,-10000,-10000,40,40,1
45.93.201.57,192.168.10.5,202305230049,26,25,51,0,3389,1,2.592559,0.000399,426,40,2.586999,0.003353,373,40,1
173.231.16.76,192.168.10.5,202305230050,11,12,23,0,57394,1,0.296591,0.0,2628,52,0.162327,0.0,575,40,1
121.119.254.138,192.168.10.5,202305230050,8,12,20,0,52764,2,0.014724,0.000158,292,52,0.013684,5.4e-05,204,52,1
121.119.254.248,192.168.10.5,202305230050,9,12,21,0,49542,2,0.015569,0.0,292,52,0.013623,0.0,204,52,1
147.182.241.81,192.168.10.5,202305230048,34,16,50,0,7474,5,42.520127,0.0,303,52,64.705272,0.0,60,40,1
64.185.227.155,192.168.10.5,202305230050,11,13,24,0,38996,1,0.17149,0.0,2628,52,0.161298,0.0,575,40,1
104.154.207.153,192.168.10.5,202305230050,12,15,27,0,37176,1,10.23304,0.0,2856,52,10.084305,0.0,541,52,1
54.39.186.162,192.168.10.5,202305230050,4,4,8,0,3389,1,0.402748,0.0,83,40,0.232531,0.0,59,40,1
46.101.80.224,192.168.10.5,202305230050,4,4,8,0,1890,1,1.258642,0.002381,44,40,1.265692,0.0,44,40,1
89.248.168.220,192.168.10.5,202305230050,3,1,4,0,56652,1,0.238464,0.004721,44,40,-10000,-10000,44,44,1
198.199.109.142,192.168.10.5,202305230050,1,6,7,0,21967,1,-10000,-10000,44,44,16.239906,1.016471,44,44,1
89.248.165.214,192.168.10.5,202305230050,17,15,32,0,20723,1,1.990835,0.0,163,52,2.279836,0.0,60,40,1
172.217.174.112,192.168.10.5,202305230050,6046,1458,7504,0,56216,1,9.469147,0.0,35052,52,9.463285,0.0,1079,52,1
118.89.56.206,192.168.10.5,202305230051,8,8,16,0,5900,1,1.265908,0.0,64,52,1.265374,0.001124,64,52,1
80.158.38.137,192.168.10.5,202305230051,289,268,557,0,36218,3,0.721484,0.0,7062,52,0.473122,0.0,455,40,1
103.162.36.21,192.168.10.5,202305230051,4,4,8,0,3389,1,0.150631,0.0,83,40,0.114325,0.0,59,40,1
220.220.248.9,192.168.10.5,202305230051,158,216,0,374,37605,108,0.242431,0.0,158,69,0.256885,0.0,75,53,1
192.168.10.1,192.168.10.5,202305230051,216,216,0,432,37605,108,0.247149,0.0,158,69,0.256885,0.0,75,53,1
185.81.68.110,192.168.10.5,202305230051,1,1,2,0,319,1,-10000,-10000,44,44,-10000,-10000,40,40,1
218.92.0.95,192.168.10.5,202305230051,12,14,26,0,22,1,0.970648,0.0,908,52,0.672663,0.000825,699,52,1
182.151.29.95,192.168.10.5,202305230051,6,7,13,0,5900,1,1.006645,0.0,64,52,1.006757,0.001042,64,52,1
89.248.168.220,192.168.10.5,202305230052,3,1,4,0,58209,1,0.244746,0.001632,44,40,-10000,-10000,44,44,1
91.240.118.77,192.168.10.5,202305230052,3,1,4,0,31089,1,0.275503,0.004116,44,40,-10000,-10000,44,44,1
94.102.61.4,192.168.10.5,202305230052,1,6,7,0,10380,1,-10000,-10000,44,44,16.235917,1.01283,44,44,1
180.116.121.255,192.168.10.5,202305230052,1,6,7,0,23,1,-10000,-10000,44,44,16.239612,1.032829,44,44,1
152.89.198.103,192.168.10.5,202305230052,1,1,2,0,322,1,-10000,-10000,44,44,-10000,-10000,40,40,1
180.101.88.247,192.168.10.5,202305230052,11,10,21,0,22,1,0.537371,0.0,908,52,0.492573,0.00123,699,52,1
89.248.163.189,192.168.10.5,202305230052,6,2,8,0,3365,2,20.895327,0.00402,44,40,21.169538,21.169538,44,44,1
169.254.169.254,192.168.10.5,202305230051,0,7,7,0,38072,1,-10000,-10000,-10000,-10000,32.479836,1.03408,60,60,1
111.90.33.178,192.168.10.5,202305230052,7,7,14,0,3389,1,1.304193,0.010625,83,40,1.325599,0.00305,59,40,1
147.182.241.81,192.168.10.5,202305230052,24,20,44,0,8090,2,34.290577,0.000586,303,52,34.291064,0.0,60,52,1
179.43.163.132,192.168.10.5,202305230052,6,5,11,0,4719,1,1.269019,0.000985,60,40,1.268681,0.0,60,44,1
194.165.16.17,192.168.10.5,202305230052,11,9,20,0,3387,1,1.276398,0.0,82,40,1.008889,0.0,52,40,1
168.80.174.2,192.168.10.5,202305230052,8,9,17,0,9160,1,16.264549,0.039691,90,40,16.304327,0.0,60,44,1
114.215.179.136,192.168.10.5,202305230052,5,5,10,0,5900,1,0.18435,1e-06,64,52,0.185546,0.00084,64,52,1
117.4.139.147,192.168.10.5,202305230052,5,5,10,0,5900,1,0.213859,0.0,64,52,0.213904,0.001494,64,52,1
83.48.70.199,192.168.10.5,202305230051,17,13,30,0,3389,1,58.987281,1e-06,83,40,59.307496,0.016649,59,40,1
198.199.93.15,192.168.10.5,202305230053,1,0,0,1,50000,1,-10000,-10000,52,52,-10000,-10000,-10000,-10000,1
54.39.186.162,192.168.10.5,202305230053,4,3,7,0,3389,1,0.249859,0.000585,83,40,0.166057,0.081871,59,40,1
14.215.47.78,192.168.10.5,202305230053,5,3,8,0,6379,1,0.254656,0.001532,66,52,0.254554,0.212822,60,52,1
107.170.255.11,192.168.10.5,202305230052,6,11,17,0,18245,1,46.786213,0.001131,77,44,16.239874,0.0,60,44,1
175.148.2.155,192.168.10.5,202305230052,12,15,27,0,23,1,29.727023,0.121209,60,44,15.67858,0.019412,64,44,1
198.235.24.120,192.168.10.5,202305230053,4,4,8,0,2002,1,1.243873,1e-06,44,44,1.136453,0.0,44,40,1
128.116.74.149,192.168.10.5,202305230051,16,39,55,0,443,2,69.536062,0.006832,52,40,45.155817,0.006833,52,52,1
50.31.21.9,192.168.10.5,202305230053,146,146,292,0,4040,1,1.166562,0.0,275,40,1.157306,0.0,60,44,1
182.61.47.229,192.168.10.5,202305230053,5,6,11,0,5900,1,0.899501,0.0,64,52,0.670068,0.001112,64,52,1
185.81.68.110,192.168.10.5,202305230053,1,1,2,0,323,1,-10000,-10000,44,44,-10000,-10000,40,40,1
147.182.241.81,192.168.10.5,202305230054,6,5,11,0,8081,1,5.133208,0.008635,301,52,5.294264,0.000113,60,52,1
94.102.61.4,192.168.10.5,202305230054,6,5,11,0,10380,1,1.253234,0.0,260,52,1.008218,0.0,60,52,1
198.199.109.142,192.168.10.5,202305230054,4,4,8,0,21967,1,1.127192,0.0,60,52,1.126149,0.0,60,52,1
218.58.139.231,192.168.10.5,202305230054,5,5,10,0,5900,1,0.088841,0.0,64,52,0.090078,0.000779,64,52,1
89.248.168.220,192.168.10.5,202305230054,6,2,8,0,57851,2,13.60019,0.000631,44,40,13.851971,13.851971,44,44,1
103.162.36.21,192.168.10.5,202305230054,4,3,7,0,3389,1,0.136693,0.000334,83,40,0.09194,0.043843,59,40,1
169.254.169.254,192.168.10.5,202305230053,0,7,7,0,45154,1,-10000,-10000,-10000,-10000,34.284341,1.019886,60,60,1
103.158.96.154,192.168.10.5,202305230054,6,10,16,0,3389,1,18.853832,0.394189,83,40,12.115036,0.005076,59,40,1
167.94.138.110,192.168.10.5,202305230055,2,1,3,0,1311,1,0.198383,0.198383,44,40,-10000,-10000,44,44,1
117.82.146.47,192.168.10.5,202305230054,1,6,7,0,23,1,-10000,-10000,44,44,16.239935,1.010913,44,44,1
167.94.138.34,192.168.10.5,202305230055,13,9,22,0,1311,1,1.213292,0.000337,295,52,1.195378,0.0,60,52,1
120.71.146.106,192.168.10.5,202305230055,5,5,10,0,5900,1,0.535304,0.242749,64,52,0.778009,0.001233,64,52,1
147.182.241.81,192.168.10.5,202305230055,6,5,11,0,3050,1,1.850775,0.038992,152,52,2.004221,0.0,60,52,1
176.113.115.104,192.168.10.5,202305230055,1,1,2,0,321,1,-10000,-10000,44,44,-10000,-10000,40,40,1
167.94.138.158,192.168.10.5,202305230055,2,1,3,0,20106,1,0.19723,0.19723,44,40,-10000,-10000,44,44,1
162.142.125.160,192.168.10.5,202305230055,4,2,6,0,1311,2,26.069278,0.148675,60,40,26.224348,26.224348,60,60,1
167.94.138.124,192.168.10.5,202305230055,13,9,22,0,20106,1,1.206452,1e-06,295,52,1.204424,0.0,60,52,1
94.102.49.43,192.168.10.5,202305230055,3,1,4,0,48434,1,0.249633,0.004741,44,40,-10000,-10000,44,44,1
54.39.186.162,192.168.10.5,202305230055,4,3,7,0,3389,1,0.318611,0.000632,83,40,0.162237,0.156616,59,40,1
89.248.168.210,192.168.10.5,202305230055,3,1,4,0,59312,1,0.242755,0.001831,44,40,-10000,-10000,44,44,1
38.132.109.106,192.168.10.5,202305230055,1,6,7,0,1723,1,-10000,-10000,44,44,16.235932,1.028159,44,44,1
92.118.39.35,192.168.10.5,202305230055,10,6,16,0,4200,1,22.281258,7.4e-05,569,40,22.551138,0.0,60,44,1
124.221.178.222,192.168.10.5,202305230056,5,5,10,0,5900,1,0.178398,1e-06,64,52,0.177364,0.001546,64,52,1
147.185.242.56,192.168.10.5,202305230056,6,5,11,0,9000,1,1.134382,0.0,177,52,1.008493,0.0,60,52,1
119.23.228.24,192.168.10.5,202305230056,6,7,13,0,5900,1,0.56003,0.0,64,52,0.558882,0.001148,64,52,1
50.31.21.9,192.168.10.5,202305230055,11,9,20,0,4040,1,38.880717,0.00473,96,52,38.8812,0.0,60,52,1
12.191.175.6,192.168.10.5,202305230055,7,7,14,0,23,1,30.43281,0.004411,60,40,30.598433,0.163235,60,44,1
120.26.196.119,192.168.10.5,202305230056,6,6,12,0,5900,1,1.000937,0.0,64,52,1.000936,0.001097,64,52,1
89.248.163.189,192.168.10.5,202305230056,3,1,4,0,3379,1,0.254688,0.002171,44,40,-10000,-10000,44,44,1
83.48.70.199,192.168.10.5,202305230054,16,12,28,0,3389,1,57.535775,0.000325,83,40,57.846961,0.028071,59,40,1
185.233.19.104,192.168.10.5,202305230056,27,24,51,0,10443,1,1.064497,0.0,295,52,1.056562,0.0,60,52,1
216.218.206.87,192.168.10.5,202305230056,1,1,2,0,90,1,-10000,-10000,44,44,-10000,-10000,40,40,1
185.233.19.121,192.168.10.5,202305230056,37,33,70,0,20000,1,1.068281,0.0,1062,52,1.064052,0.0,60,52,1
111.90.33.178,192.168.10.5,202305230056,8,8,16,0,3389,1,0.628128,0.000293,83,40,0.448931,0.034435,59,40,1
8.141.155.73,192.168.10.5,202305230056,6,2,8,0,6379,1,1.155855,0.0,60,40,1.03334,1.03334,60,60,1
39.130.181.254,192.168.10.5,202305230056,2,1,3,0,3020,1,0.191146,0.191146,48,40,-10000,-10000,44,44,1
194.26.29.37,192.168.10.5,202305230056,3,1,4,0,8185,1,0.291081,0.025913,44,40,-10000,-10000,44,44,1
167.248.133.167,192.168.10.5,202305230057,2,1,3,0,9758,1,0.148037,0.148037,44,40,-10000,-10000,44,44,1
147.182.241.81,192.168.10.5,202305230056,6,5,11,0,9091,1,4.778435,0.041234,301,52,4.934134,0.0,60,52,1
169.254.169.254,192.168.10.5,202305230056,0,21,21,0,59438,3,-10000,-10000,-10000,-10000,34.284347,0.0,60,60,1
167.248.133.51,192.168.10.5,202305230057,16,11,27,0,9758,1,1.154501,0.0,295,40,1.152151,0.0,60,52,1
162.142.125.160,192.168.10.5,202305230057,2,1,3,0,9758,1,0.144185,0.144185,60,40,-10000,-10000,60,60,1
89.117.89.212,192.168.10.5,202305230057,2,1,3,0,8090,1,0.106071,0.106071,44,40,-10000,-10000,44,44,1
89.248.165.52,192.168.10.5,202305230057,21,16,37,0,4153,1,1.269098,0.0,111,40,1.008843,0.0,60,40,1
205.210.31.140,192.168.10.5,202305230056,8,6,14,0,9092,1,51.7749,1e-06,377,40,52.038627,1e-06,60,44,1
185.122.204.71,192.168.10.5,202305230057,1,1,2,0,324,1,-10000,-10000,44,44,-10000,-10000,40,40,1
64.62.197.8,192.168.10.5,202305230057,2,1,3,0,9990,1,0.121248,0.121248,44,40,-10000,-10000,44,44,1
54.39.186.162,192.168.10.5,202305230058,4,3,7,0,3389,1,0.280314,0.000928,83,40,0.170074,0.111839,59,40,1
188.150.225.241,192.168.10.5,202305230058,2,3,5,0,23,1,3.332554,3.332554,44,40,2.030028,1.011383,44,44,1
198.98.53.107,192.168.10.5,202305230058,11,7,18,0,8081,1,1.177294,0.0,147,40,1.008537,0.0,60,44,1
64.62.197.5,192.168.10.5,202305230058,6,5,11,0,9990,1,1.120987,1e-06,261,40,1.008941,0.0,48,40,1
147.182.241.81,192.168.10.5,202305230058,12,10,22,0,3542,1,2.602373,0.021114,303,52,2.761662,0.0,60,52,1
124.223.169.131,192.168.10.5,202305230058,6,6,12,0,5900,1,0.535156,0.0,64,52,0.535156,0.001196,64,52,1
124.223.73.187,192.168.10.5,202305230058,6,6,12,0,5900,1,0.528797,0.0,64,52,0.528797,0.001287,64,52,1
59.80.22.112,192.168.10.5,202305230058,5,5,10,0,5900,1,0.072677,1e-06,64,52,0.072564,0.001528,64,52,1
124.222.93.58,192.168.10.5,202305230058,6,6,12,0,5900,1,1.001835,1e-06,64,52,1.001835,0.001636,64,52,1
