address,partner,date,rcv_packet_count,snd_packet_count,tcp_count,udp_count,most_port,port_count,rcv_max_int,rcv_min_int,rcv_max_len,rcv_min_len,snd_max_int,snd_min_int,snd_max_len,snd_min_len,label
139.59.224.196,192.168.10.5,202305040059,12,14,26,0,22,1,1.093248,0.0,1028,52,0.969747,0.000302,699,52,1
99.227.136.218,192.168.10.5,202305040059,6,6,12,0,4983,1,0.937736,0.005683,108,40,0.672145,9.8e-05,52,40,1
103.159.50.147,192.168.10.5,202305040059,15,15,30,0,22,1,1.084956,0.0,1028,40,0.970862,0.000498,699,52,1
64.62.197.215,192.168.10.5,202305040059,2,1,3,0,1883,1,0.122375,0.122375,44,40,-10000,-10000,44,44,1
134.209.254.124,192.168.10.5,202305040059,12,14,26,0,22,1,1.270563,0.0,1028,52,0.972237,0.000243,699,52,1
64.225.74.178,192.168.10.5,202305040059,156,116,272,0,993,1,2.717093,0.0,492,52,3.00081,0.0,1437,40,1
45.134.144.235,192.168.10.5,202305040059,3,1,4,0,80,1,0.222245,0.002275,44,40,-10000,-10000,44,44,1
179.43.177.243,192.168.10.5,202305040059,8,6,14,0,9000,1,1.284191,0.0,60,40,1.008608,1e-06,60,44,1
107.170.243.12,192.168.10.5,202305040059,1,6,7,0,45000,1,-10000,-10000,44,44,16.236043,1.020193,44,44,1
64.62.197.212,192.168.10.5,202305040059,6,4,10,0,1883,1,0.135848,0.000627,64,40,0.121488,0.019133,48,40,1
107.170.231.5,192.168.10.5,202305040059,1,6,7,0,2014,1,-10000,-10000,44,44,16.243784,1.033039,44,44,1
179.43.163.132,192.168.10.5,202305040059,6,5,11,0,4719,1,1.286635,0.002266,60,40,1.285921,0.0,60,44,1
103.162.36.21,192.168.10.5,202305040058,12,9,21,0,3389,1,45.056347,0.0,83,40,45.149791,0.029064,59,40,1
204.48.24.27,192.168.10.5,202305040100,4,4,8,0,35433,1,1.178457,1e-06,44,40,1.180653,0.0,44,40,1
94.102.61.28,192.168.10.5,202305040100,1,6,7,0,50501,1,-10000,-10000,44,44,16.239834,1.026198,44,44,1
121.125.116.188,192.168.10.5,202305040100,5,5,10,0,4983,1,1.051864,0.042563,513,40,1.007995,0.0,52,40,1
192.168.3.118,172.29.148.192,202305040059,20,0,20,0,55443,1,12.849508,1.015122,60,60,-10000,-10000,-10000,-10000,0
198.235.24.90,192.168.10.5,202305040059,8,7,15,0,8140,1,46.508848,1e-06,259,40,46.552473,0.0,60,44,1
5.39.216.130,192.168.10.5,202305040058,20,8,28,0,4001,8,45.536212,1e-06,44,40,45.800034,1.235971,44,40,1
35.203.210.122,192.168.10.5,202305040100,4,4,8,0,3227,1,1.488264,0.0,44,44,1.306903,0.0,44,40,1
205.210.31.21,192.168.10.5,202305040100,8,6,14,0,11495,1,49.048955,0.0,259,40,49.18465,0.0,60,44,1
103.159.50.147,192.168.10.5,202305040100,14,14,28,0,22,1,1.115029,0.0,1028,52,0.968511,0.000148,699,52,1
162.142.125.83,192.168.10.5,202305040100,2,1,3,0,21241,1,0.159041,0.159041,44,40,-10000,-10000,44,44,1
65.49.20.79,192.168.10.5,202305040100,2,1,3,0,3306,1,0.115856,0.115856,44,40,-10000,-10000,44,44,1
222.241.49.134,192.168.10.5,202305040100,8,7,15,0,23,1,31.233238,0.218949,60,40,31.447799,0.146434,64,44,1
162.142.125.214,192.168.10.5,202305040100,13,9,22,0,21241,1,1.162085,0.0,295,52,1.182801,0.0,60,52,1
107.170.243.12,192.168.10.5,202305040100,5,5,10,0,45000,1,1.124521,0.0,77,52,1.008005,0.0,60,52,1
162.142.125.160,192.168.10.5,202305040101,2,1,3,0,21241,1,0.154608,0.154608,60,40,-10000,-10000,60,60,1
165.22.210.239,192.168.10.5,202305040101,12,13,25,0,22,1,1.123074,4.9e-05,1028,52,0.972172,0.001151,699,52,1
35.203.211.157,192.168.10.5,202305040101,4,4,8,0,50023,1,1.453699,0.0,44,44,1.282292,1e-06,44,40,1
65.49.20.67,192.168.10.5,202305040101,5,3,8,0,3306,1,0.118903,0.001991,48,40,0.115876,0.115132,96,40,1
87.251.75.108,192.168.10.5,202305040101,7,4,11,0,3389,1,0.284554,0.0,84,40,0.240787,0.045777,59,40,1
46.101.62.196,192.168.10.5,202305040101,12,14,26,0,22,1,1.255308,5.1e-05,1028,52,0.973773,1e-06,699,52,1
99.227.136.218,192.168.10.5,202305040101,5,5,10,0,4983,1,1.199019,0.005579,150,40,1.008069,0.0,52,40,1
64.62.197.165,192.168.10.5,202305040101,1,0,0,1,5683,1,-10000,-10000,32,32,-10000,-10000,-10000,-10000,1
134.209.254.124,192.168.10.5,202305040100,24,27,51,0,22,1,66.206735,0.0,1028,52,66.463999,0.000347,699,52,1
118.68.171.32,192.168.10.5,202305040101,4,3,7,0,3389,1,0.209067,0.000629,83,40,0.106004,0.099316,59,40,1
222.168.30.19,192.168.10.5,202305040058,80,91,171,0,22,1,38.811391,0.0,931,44,66.265226,0.0,2856,44,1
35.203.211.67,192.168.10.5,202305040101,7,6,13,0,9322,1,49.408905,0.0,377,40,49.632895,0.0,60,44,1
103.159.50.147,192.168.10.5,202305040102,14,14,28,0,22,1,1.091196,0.0,1028,52,0.972852,0.000345,699,52,1
59.12.163.233,192.168.10.5,202305040049,126,187,313,0,2647,62,55.677384,0.136873,44,40,59.243408,0.0,44,40,1
94.102.61.28,192.168.10.5,202305040102,6,5,11,0,50501,1,1.245876,0.0,260,52,1.008572,0.0,60,52,1
64.112.75.18,192.168.10.5,202305040102,1,0,0,1,5060,1,-10000,-10000,437,437,-10000,-10000,-10000,-10000,1
107.170.231.5,192.168.10.5,202305040102,6,5,11,0,2014,1,1.126685,0.000296,165,52,1.008528,0.0,60,52,1
103.162.36.21,192.168.10.5,202305040102,8,6,14,0,3389,1,29.775435,0.0,83,40,29.874421,0.05059,59,40,1
167.248.133.130,192.168.10.5,202305040102,2,1,3,0,2052,1,0.139107,0.139107,44,40,-10000,-10000,44,44,1
178.128.110.5,192.168.10.5,202305040102,12,14,26,0,22,1,1.103978,0.0,1028,52,0.9731,4.9e-05,699,52,1
167.248.133.127,192.168.10.5,202305040102,14,10,24,0,2052,1,1.149461,0.0,295,40,1.145011,0.0,60,40,1
134.209.254.124,192.168.10.5,202305040102,12,14,26,0,22,1,1.2491,0.0,1028,52,0.971983,0.000292,699,52,1
101.89.216.223,192.168.10.5,202305040103,5,5,10,0,5900,1,0.173715,0.0,64,52,0.175066,0.001179,64,52,1
167.248.133.174,192.168.10.5,202305040103,2,1,3,0,10181,1,0.136787,0.136787,44,40,-10000,-10000,44,44,1
162.142.125.160,192.168.10.5,202305040102,4,2,6,0,2052,2,42.242254,0.144301,60,40,42.386604,42.386604,60,60,1
167.248.133.49,192.168.10.5,202305040103,14,9,23,0,10181,1,1.156124,0.0,295,40,1.153904,0.0,60,52,1
64.225.74.178,192.168.10.5,202305040103,9,7,16,0,2121,1,1.263979,0.042655,60,52,1.262074,0.0,60,52,1
188.209.68.104,192.168.10.5,202305040103,7,4,11,0,23,1,31.109909,0.004466,52,40,31.465576,0.35002,52,40,1
103.159.50.147,192.168.10.5,202305040103,14,14,28,0,22,1,1.122193,0.0,1028,52,0.97194,0.000296,699,52,1
99.227.136.218,192.168.10.5,202305040103,5,5,10,0,4983,1,1.183283,0.005944,108,40,1.008265,0.0,52,40,1
103.162.36.21,192.168.10.5,202305040104,4,3,7,0,3389,1,0.115017,0.000857,83,40,0.099329,0.014184,59,40,1
134.209.254.124,192.168.10.5,202305040104,12,14,26,0,22,1,1.262899,1e-06,1028,52,0.973287,0.0002,699,52,1
5.39.216.130,192.168.10.5,202305040103,9,3,12,0,2320,3,33.722714,1e-06,44,40,33.978501,29.497646,44,44,1
43.134.171.148,192.168.10.5,202305040104,2,1,3,0,443,1,0.09494,0.09494,44,40,-10000,-10000,44,44,1
162.216.149.172,192.168.10.5,202305040103,8,6,14,0,49159,1,56.08434,0.002008,259,40,56.251946,0.0,60,44,1
72.14.186.116,192.168.10.5,202305040104,1,0,0,1,139,1,-10000,-10000,78,78,-10000,-10000,-10000,-10000,1
162.216.150.38,192.168.10.5,202305040103,8,7,15,0,48329,1,50.666277,1e-06,259,40,50.836235,0.0,60,44,1
205.210.31.195,192.168.10.5,202305040104,4,4,8,0,9418,1,1.34735,0.000894,44,44,1.295064,1e-06,44,40,1
135.125.68.145,192.168.10.5,202305040104,1,0,0,1,5060,1,-10000,-10000,110,110,-10000,-10000,-10000,-10000,1
64.225.74.178,192.168.10.5,202305040105,6,5,11,0,31337,1,3.196988,0.004751,301,52,3.483531,1e-06,60,52,1
121.125.116.188,192.168.10.5,202305040105,5,5,10,0,4983,1,1.078668,0.028653,108,40,1.00823,0.0,52,40,1
35.203.211.178,192.168.10.5,202305040105,4,4,8,0,2550,1,1.515448,1e-06,44,44,1.364916,0.0,44,40,1
89.248.165.85,192.168.10.5,202305040105,3,1,4,0,52695,1,0.245172,0.003032,44,40,-10000,-10000,44,44,1
123.172.54.237,192.168.10.5,202305040104,2,7,9,0,23,1,0.060153,0.060153,44,44,16.240207,0.060153,44,44,1
27.254.235.2,192.168.10.5,202305040105,4,4,8,0,29182,1,1.12107,0.00743,44,40,1.135329,0.0,44,40,1
134.209.254.124,192.168.10.5,202305040105,12,15,27,0,22,1,1.264526,0.0,1028,52,0.969943,4.8e-05,699,52,1
103.159.50.147,192.168.10.5,202305040105,14,14,28,0,22,1,1.091498,0.0,1028,52,0.969246,9.8e-05,699,52,1
137.184.150.232,192.168.10.5,202305040105,3,1,4,0,9191,1,0.16295,0.004461,44,40,-10000,-10000,44,44,1
35.207.209.4,192.168.10.5,202305040105,12,14,26,0,22,1,1.15802,1e-06,1028,52,0.971299,4.8e-05,699,52,1
144.126.198.24,192.168.10.5,202305040105,10,8,18,0,9191,1,1.260373,0.0,291,52,1.009178,1e-06,60,52,1
80.66.77.236,192.168.10.5,202305040105,7,5,12,0,9001,1,1.305002,0.0,142,40,1.007785,0.000148,60,52,1
94.102.61.44,192.168.10.5,202305040105,1,6,7,0,8118,1,-10000,-10000,44,44,16.240062,1.028055,44,44,1
103.162.36.21,192.168.10.5,202305040105,8,6,14,0,3389,1,29.838213,1e-06,83,40,29.951616,0.044481,59,40,1
101.36.97.198,192.168.10.5,202305040105,34,34,68,0,9004,1,1.243997,0.0,322,52,1.234529,0.0,60,52,1
198.199.97.57,192.168.10.5,202305040105,1,1,2,0,118,1,-10000,-10000,44,44,-10000,-10000,40,40,1
193.35.18.35,192.168.10.5,202305040105,2,1,3,0,5555,1,0.240393,0.240393,44,40,-10000,-10000,44,44,1
87.236.176.136,192.168.10.5,202305040105,4,4,8,0,6800,1,1.266646,0.0,60,52,1.266568,0.0,60,52,1
193.36.85.125,192.168.10.5,202305040105,1,6,7,0,22,1,-10000,-10000,60,60,16.240032,1.028054,60,60,1
99.227.136.218,192.168.10.5,202305040106,5,5,10,0,4983,1,1.182255,0.005974,420,40,1.012584,0.0,52,40,1
123.30.149.76,192.168.10.5,202305040106,12,14,26,0,22,1,1.117389,0.0,1028,52,0.971734,0.000248,699,52,1
5.39.216.130,192.168.10.5,202305040105,6,2,8,0,8991,2,30.441966,0.00059,44,40,30.693718,30.693718,44,44,1
162.142.125.136,192.168.10.5,202305040106,2,1,3,0,47001,1,0.155459,0.155459,44,40,-10000,-10000,44,44,1
162.142.125.214,192.168.10.5,202305040106,14,10,24,0,47001,1,1.167631,0.0,295,40,1.173317,0.0,60,40,1
165.22.210.239,192.168.10.5,202305040106,12,13,25,0,22,1,1.138804,0.0,1028,52,0.967457,0.00111,699,52,1
46.101.62.196,192.168.10.5,202305040105,103,136,239,0,22,1,49.508989,0.0,1028,40,49.738032,9e-05,804,52,1
64.225.74.178,192.168.10.5,202305040106,6,5,11,0,8834,1,14.595919,0.000617,301,52,14.895847,1e-06,60,52,1
165.227.35.71,192.168.10.5,202305040106,2,1,3,0,10255,1,0.209149,0.209149,44,40,-10000,-10000,44,44,1
178.128.110.5,192.168.10.5,202305040106,12,14,26,0,22,1,1.100384,7.3e-05,1028,52,0.971637,4.9e-05,699,52,1
134.209.254.124,192.168.10.5,202305040106,12,13,25,0,22,1,1.263005,1e-06,1028,52,0.972862,0.001079,699,52,1
167.94.138.110,192.168.10.5,202305040106,2,1,3,0,16993,1,0.20941,0.20941,44,40,-10000,-10000,44,44,1
162.142.125.160,192.168.10.5,202305040106,4,2,6,0,47001,2,31.684718,0.14357,60,40,31.842403,31.842403,60,60,1
167.94.138.51,192.168.10.5,202305040106,19,15,34,0,16993,1,1.226747,0.0,299,40,1.219002,0.0,60,40,1
87.236.176.152,192.168.10.5,202305040107,4,4,8,0,49337,1,1.271117,0.0,60,52,1.269293,0.0,60,52,1
185.156.73.121,192.168.10.5,202305040107,3,1,4,0,23053,1,0.224937,0.000632,44,40,-10000,-10000,44,44,1
162.216.149.52,192.168.10.5,202305040107,1,1,2,0,1023,1,-10000,-10000,44,44,-10000,-10000,40,40,1
103.159.50.147,192.168.10.5,202305040107,14,13,27,0,22,1,1.117109,0.0,1028,52,0.971056,0.000823,699,52,1
35.207.209.4,192.168.10.5,202305040107,12,13,25,0,22,1,1.16179,0.0,1028,52,0.973243,0.001171,699,52,1
146.88.240.4,192.168.10.5,202305040107,1,0,0,1,5683,1,-10000,-10000,32,32,-10000,-10000,-10000,-10000,1
162.216.149.173,192.168.10.5,202305040107,4,4,8,0,12328,1,1.190325,0.0,44,44,1.444947,0.0,44,40,1
71.6.232.25,192.168.10.5,202305040107,8,11,19,0,27017,1,0.330966,0.0,111,44,16.240483,0.007617,253,44,1
139.59.32.136,192.168.10.5,202305040107,7,4,11,0,11062,1,1.129355,0.0,60,40,1.130512,0.0,60,52,1
46.101.62.196,192.168.10.5,202305040107,12,14,26,0,22,1,1.246384,9.8e-05,1028,52,0.969364,0.0,699,52,1
35.203.210.42,192.168.10.5,202305040107,4,4,8,0,19712,1,1.520469,0.0,44,44,1.423101,0.0,44,40,1
222.249.227.163,192.168.10.5,202305040107,2,1,3,0,37215,1,0.222234,0.222234,44,40,-10000,-10000,44,44,1
165.22.210.239,192.168.10.5,202305040107,90,121,211,0,22,1,1.133785,0.0,1028,52,0.971996,0.000274,804,52,1
178.128.110.5,192.168.10.5,202305040107,12,13,25,0,22,1,1.091755,0.0,1028,52,0.970487,0.00124,699,52,1
134.209.254.124,192.168.10.5,202305040107,12,14,26,0,22,1,1.267355,0.0,1028,52,1.013833,0.000349,699,52,1
185.225.74.207,192.168.10.5,202305040108,8,9,17,0,25,1,0.26034,0.001211,52,40,0.252499,0.000328,112,40,1
183.136.225.9,192.168.10.5,202305040108,1,0,0,1,11211,1,-10000,-10000,43,43,-10000,-10000,-10000,-10000,1
59.12.163.233,192.168.10.5,202305040103,41,82,123,0,12563,21,55.184716,0.036311,44,40,58.500168,0.062037,44,44,1
52.73.169.169,192.168.10.5,202305040108,1,0,0,1,123,1,-10000,-10000,76,76,-10000,-10000,-10000,-10000,1
162.216.150.81,192.168.10.5,202305040107,6,5,11,0,10397,1,54.466246,0.0,60,40,54.635152,0.0,60,44,1
192.241.219.19,192.168.10.5,202305040107,1,6,7,0,45042,1,-10000,-10000,44,44,16.240148,1.03018,44,44,1
35.207.209.4,192.168.10.5,202305040108,12,14,26,0,22,1,1.155513,0.0,1028,52,0.968749,0.000195,699,52,1
118.68.171.32,192.168.10.5,202305040108,4,4,8,0,3389,1,0.176643,0.0,83,40,0.092329,5.9e-05,59,40,1
121.125.116.188,192.168.10.5,202305040108,5,5,10,0,4983,1,1.054793,0.0,599,40,1.008387,0.0,52,40,1
103.162.36.21,192.168.10.5,202305040107,12,9,21,0,3389,1,35.820393,1e-06,83,40,35.912352,0.045041,59,40,1
192.168.10.4,192.168.10.5,202305040108,34,13,47,0,64297,1,5.036324,0.0,575,52,5.036339,0.0,3876,40,1
89.248.165.109,192.168.10.5,202305040108,3,1,4,0,14188,1,0.253499,0.004466,44,40,-10000,-10000,44,44,1
103.159.50.147,192.168.10.5,202305040108,14,13,27,0,22,1,1.087361,0.0,1028,52,0.973006,0.001641,699,52,1
89.248.163.200,192.168.10.5,202305040108,3,1,4,0,2375,1,0.245418,0.004477,44,40,-10000,-10000,44,44,1
123.30.149.76,192.168.10.5,202305040108,90,121,211,0,22,1,1.095395,0.0,1028,52,0.971906,0.000198,804,52,1
46.101.62.196,192.168.10.5,202305040109,12,13,25,0,22,1,1.256313,0.0,1028,52,0.972692,0.001137,699,52,1
121.48.161.224,192.168.10.5,202305040109,5,3,8,0,6379,1,0.515963,0.001148,66,52,0.516206,0.150376,60,52,1
134.209.254.124,192.168.10.5,202305040109,12,13,25,0,22,1,1.27586,1e-06,1028,52,0.970149,0.001188,699,52,1
165.22.210.239,192.168.10.5,202305040109,12,14,26,0,22,1,1.122802,0.0,1028,52,0.970346,0.0,699,52,1
89.248.165.14,192.168.10.5,202305040109,20,15,35,0,35359,1,1.268174,0.0,115,40,1.008786,0.0,60,52,1
178.128.110.5,192.168.10.5,202305040109,90,121,211,0,22,1,1.117672,0.0,1028,52,0.973386,0.0001,804,52,1
35.207.209.4,192.168.10.5,202305040109,12,14,26,0,22,1,1.152785,0.000349,1028,52,0.972393,0.000396,699,52,1
218.93.105.242,192.168.10.5,202305040109,52,51,103,0,2323,1,1.253256,0.0,64,40,1.257197,0.0,60,44,1
165.22.254.151,192.168.10.5,202305040109,643,463,1106,0,22,1,0.529386,0.0,1012,40,0.531766,0.0,699,52,1
167.94.146.71,192.168.10.5,202305040109,1,1,2,0,102,1,-10000,-10000,44,44,-10000,-10000,40,40,1
5.39.216.130,192.168.10.5,202305040108,16,6,22,0,56008,6,57.1717,1e-06,44,40,57.190669,0.239167,44,40,1
46.101.62.196,192.168.10.5,202305040110,12,14,26,0,22,1,1.242887,5.1e-05,1028,52,0.97159,0.000127,699,52,1
134.209.254.124,192.168.10.5,202305040110,12,14,26,0,22,1,1.287201,0.0,1028,52,0.971999,4.7e-05,699,52,1
123.30.149.76,192.168.10.5,202305040110,12,13,25,0,22,1,1.084777,0.0,1028,52,0.968354,0.000997,699,52,1
103.215.80.101,192.168.10.5,202305040110,859,542,1401,0,22,1,0.34285,0.0,1012,40,0.516279,0.0,699,52,1
178.128.110.5,192.168.10.5,202305040110,12,14,26,0,22,1,1.095045,1e-06,1028,52,0.972496,0.000345,699,52,1
165.22.210.239,192.168.10.5,202305040110,12,14,26,0,22,1,1.139788,1e-06,1028,52,0.972857,0.000196,699,52,1
104.236.246.102,192.168.10.5,202305040110,3,2,5,0,13717,1,0.166534,0.004386,44,40,0.170293,0.170293,44,40,1
167.248.133.155,192.168.10.5,202305040110,2,1,3,0,2069,1,0.136749,0.136749,44,40,-10000,-10000,44,44,1
167.248.133.126,192.168.10.5,202305040110,14,9,23,0,2069,1,1.149272,1e-06,295,40,1.141374,0.0,60,52,1
162.142.125.160,192.168.10.5,202305040110,2,1,3,0,2069,1,0.150686,0.150686,60,40,-10000,-10000,60,60,1
103.159.50.147,192.168.10.5,202305040110,14,14,28,0,22,1,1.086831,0.0,1028,52,0.968377,4.7e-05,699,52,1
183.136.225.9,192.168.10.5,202305040109,19,33,52,0,18001,1,33.633779,0.003213,228,40,16.240009,0.0,64,44,1
80.66.77.236,192.168.10.5,202305040111,2,1,3,0,9090,1,0.288037,0.288037,44,40,-10000,-10000,44,44,1
64.225.74.178,192.168.10.5,202305040110,12,10,22,0,3001,2,9.130668,0.02117,301,52,9.42825,0.0,60,52,1
94.102.61.44,192.168.10.5,202305040111,6,5,11,0,8118,1,1.248443,0.036747,259,52,1.007689,0.0,60,52,1
80.66.77.239,192.168.10.5,202305040111,8,7,15,0,6001,1,1.315069,0.000604,294,40,1.007768,0.0,60,44,1
46.101.62.196,192.168.10.5,202305040111,12,13,25,0,22,1,1.250185,0.0,1028,52,0.969154,0.000865,699,52,1
134.209.254.124,192.168.10.5,202305040111,12,14,26,0,22,1,1.281532,0.000302,1028,52,0.970233,4.8e-05,699,52,1
8.217.113.22,192.168.10.5,202305040111,7,1,8,0,2376,1,0.240767,0.0,44,40,-10000,-10000,44,44,1
103.89.12.92,192.168.10.5,202305040110,6,4,10,0,40322,1,30.804713,0.0,44,40,1.186409,0.0,44,40,1
192.241.219.19,192.168.10.5,202305040111,6,5,11,0,45042,1,1.126956,1e-06,166,52,1.008696,0.0,60,52,1
162.216.150.58,192.168.10.5,202305040110,8,6,14,0,9103,1,47.255895,0.0,377,40,47.424627,1e-06,60,44,1
216.218.206.66,192.168.10.5,202305040111,7,6,13,0,16993,1,15.696698,0.0,168,40,15.81333,1e-06,48,40,1
178.128.110.5,192.168.10.5,202305040111,12,14,26,0,22,1,1.092734,0.0,1028,52,0.962709,0.000442,699,52,1
123.30.149.76,192.168.10.5,202305040111,12,14,26,0,22,1,1.116457,0.0,1028,52,0.970899,0.000297,699,52,1
165.22.210.239,192.168.10.5,202305040111,90,121,211,0,22,1,1.124256,0.0,1028,52,0.972638,0.000199,804,52,1
162.216.149.59,192.168.10.5,202305040111,4,4,8,0,48154,1,1.388202,0.0,44,44,1.273966,0.0,44,40,1
80.66.77.238,192.168.10.5,202305040112,7,4,11,0,50100,1,1.032199,0.276093,60,40,1.334469,0.300964,100,44,1
103.162.36.21,192.168.10.5,202305040111,12,9,21,0,3389,1,28.170399,0.0,83,40,28.266096,0.022014,59,40,1
35.207.209.4,192.168.10.5,202305040110,102,134,236,0,22,1,61.11069,0.0,1028,52,61.258823,4.8e-05,804,52,1
121.125.116.188,192.168.10.5,202305040112,3,4,7,0,4983,1,1.061372,0.046209,108,40,1.054415,1e-06,52,40,1
167.94.138.133,192.168.10.5,202305040112,2,1,3,0,8178,1,0.207923,0.207923,44,40,-10000,-10000,44,44,1
167.94.138.36,192.168.10.5,202305040112,16,12,28,0,8178,1,1.225592,0.0,295,40,1.225146,0.0,60,40,1
106.112.222.42,192.168.10.5,202305040112,5,5,10,0,5900,1,0.222198,0.0,64,52,0.220253,0.001969,64,52,1
46.101.62.196,192.168.10.5,202305040112,12,14,26,0,22,1,1.261582,0.0,1028,52,0.971776,0.000305,699,52,1
134.209.254.124,192.168.10.5,202305040112,12,14,26,0,22,1,1.266375,0.0,1028,52,0.967926,0.000144,699,52,1
103.159.50.147,192.168.10.5,202305040112,14,13,27,0,22,1,1.085835,0.0,1028,52,0.972842,0.001044,699,52,1
35.203.211.8,192.168.10.5,202305040111,8,7,15,0,28140,1,50.051093,0.0,259,40,50.274991,0.0,60,44,1
99.227.136.218,192.168.10.5,202305040112,5,5,10,0,4983,1,1.176407,0.008375,108,40,1.008129,1e-06,52,40,1
178.128.110.5,192.168.10.5,202305040112,12,14,26,0,22,1,1.104268,0.0,1028,52,0.970478,0.000345,699,52,1
162.142.125.160,192.168.10.5,202305040112,4,2,6,0,8178,2,44.810424,0.157918,60,40,44.969127,44.969127,60,60,1
167.248.133.160,192.168.10.5,202305040113,2,1,3,0,12228,1,0.135224,0.135224,44,40,-10000,-10000,44,44,1
167.248.133.49,192.168.10.5,202305040113,14,10,24,0,12228,1,1.149694,1e-06,295,40,1.145964,0.0,60,40,1
165.22.210.239,192.168.10.5,202305040113,12,13,25,0,22,1,1.124295,0.0,1028,52,0.969897,0.001099,699,52,1
123.30.149.76,192.168.10.5,202305040113,12,13,25,0,22,1,1.116791,1e-06,1028,52,0.970223,0.000965,699,52,1
195.144.21.56,192.168.10.5,202305040113,1,1,2,0,11,1,-10000,-10000,44,44,-10000,-10000,40,40,1
35.207.209.4,192.168.10.5,202305040113,12,13,25,0,22,1,1.165082,0.0,1028,52,0.968047,0.001142,699,52,1
8.217.113.22,192.168.10.5,202305040113,7,3,10,0,2376,1,0.085451,0.0,178,40,0.0848,0.00011,60,40,1
35.203.210.12,192.168.10.5,202305040112,8,6,14,0,9959,1,51.994795,0.0,377,40,52.218109,0.0,60,44,1
46.101.62.196,192.168.10.5,202305040113,12,13,25,0,22,1,1.240766,7.3e-05,1028,52,0.970926,0.000743,699,52,1
5.39.216.130,192.168.10.5,202305040111,16,6,22,0,6102,6,56.50634,0.000595,44,40,56.77406,2.950924,44,40,1
134.209.254.124,192.168.10.5,202305040113,12,14,26,0,22,1,1.27262,0.0,1028,52,0.971049,0.000446,699,52,1
192.168.3.117,172.29.148.192,202305040112,20,0,20,0,55443,1,12.854487,1.002191,60,60,-10000,-10000,-10000,-10000,0
95.214.55.85,192.168.10.5,202305040113,2,1,3,0,8888,1,0.295225,0.295225,44,40,-10000,-10000,44,44,1
35.203.210.122,192.168.10.5,202305040112,8,6,14,0,16363,1,51.401351,0.0,378,40,51.625261,0.0,60,44,1
184.105.247.196,192.168.10.5,202305040113,7,6,13,0,2031,1,30.27465,0.001193,168,40,30.395708,0.0,48,40,1
137.220.228.88,192.168.10.5,202305040114,2,1,3,0,12544,1,0.032729,0.032729,44,40,-10000,-10000,44,44,1
178.128.110.5,192.168.10.5,202305040114,12,14,26,0,22,1,1.102483,0.0,1028,52,0.97259,0.000544,699,52,1
165.22.210.239,192.168.10.5,202305040114,12,14,26,0,22,1,1.125747,0.0,1028,52,0.971835,5.2e-05,699,52,1
35.203.210.110,192.168.10.5,202305040113,7,6,13,0,9067,1,50.642547,0.0,377,40,50.863963,1e-06,60,44,1
103.159.50.147,192.168.10.5,202305040114,14,13,27,0,22,1,1.083695,0.0,1028,52,0.967228,0.001392,699,52,1
167.94.146.66,192.168.10.5,202305040114,2,1,3,0,3390,1,0.252023,0.252023,44,40,-10000,-10000,44,44,1
167.94.146.58,192.168.10.5,202305040114,14,9,23,0,3390,1,1.273176,0.0,295,40,1.265494,0.0,60,52,1
35.207.209.4,192.168.10.5,202305040114,12,13,25,0,22,1,1.158263,0.0,1028,52,0.96999,0.001064,699,52,1
123.30.149.76,192.168.10.5,202305040114,12,13,25,0,22,1,1.086419,0.000593,1028,52,0.965051,0.001247,699,52,1
196.191.101.80,192.168.10.5,202305040114,1,6,7,0,23,1,-10000,-10000,44,44,16.240137,1.023739,44,44,1
46.101.62.196,192.168.10.5,202305040114,12,13,25,0,22,1,1.254442,0.0,1028,52,0.970428,0.001097,699,52,1
142.93.115.5,192.168.10.5,202305040114,2,1,3,0,80,1,0.162046,0.162046,44,40,-10000,-10000,44,44,1
134.209.254.124,192.168.10.5,202305040114,12,13,25,0,22,1,1.259463,0.0,1028,52,0.971001,0.001348,699,52,1
118.68.171.32,192.168.10.5,202305040115,4,3,7,0,3389,1,0.148909,0.0,83,40,0.094015,0.053424,59,40,1
91.239.97.29,192.168.10.5,202305040115,2,1,3,0,4987,1,0.250236,0.250236,44,40,-10000,-10000,44,44,1
64.225.74.178,192.168.10.5,202305040114,18,15,33,0,23424,2,49.134037,0.003174,303,52,49.134602,0.0,60,52,1
91.240.118.71,192.168.10.5,202305040114,6,2,8,0,7388,2,58.88594,0.004132,44,40,59.161783,59.161783,44,44,1
208.100.26.228,192.168.10.5,202305040115,3,1,4,0,5986,1,0.135151,0.100176,44,40,-10000,-10000,44,44,1
5.39.216.130,192.168.10.5,202305040115,6,2,8,0,8182,2,18.781362,0.000599,44,40,19.045083,19.045083,44,44,1
194.110.203.86,192.168.10.5,202305040115,5,4,9,0,1471,1,1.287777,0.0,87,40,1.008643,0.0,52,40,1
103.162.36.21,192.168.10.5,202305040114,12,9,21,0,3389,1,29.560971,0.000613,83,40,29.665296,0.020573,59,40,1
91.195.254.17,192.168.10.5,202305040115,17,13,30,0,22,1,1.327844,0.029504,904,40,0.961626,0.001097,664,40,1
178.128.110.5,192.168.10.5,202305040115,12,14,26,0,22,1,1.083452,0.0,1028,52,0.968795,0.000147,699,52,1
165.22.210.239,192.168.10.5,202305040115,12,14,26,0,22,1,1.12636,0.0,1028,52,0.969573,0.000298,699,52,1
27.124.5.22,192.168.10.5,202305040115,2,1,3,0,12538,1,0.055237,0.055237,44,40,-10000,-10000,44,44,1
139.144.226.79,192.168.10.5,202305040115,1,0,0,1,28015,1,-10000,-10000,53,53,-10000,-10000,-10000,-10000,1
35.207.209.4,192.168.10.5,202305040115,12,13,25,0,22,1,1.159456,1e-06,1028,52,0.971789,0.001247,699,52,1
46.101.62.196,192.168.10.5,202305040115,12,14,26,0,22,1,1.259499,0.001056,1028,52,0.973987,2.7e-05,699,52,1
134.209.254.124,192.168.10.5,202305040115,12,14,26,0,22,1,1.268726,0.0,1028,52,0.970412,0.000148,699,52,1
123.30.149.76,192.168.10.5,202305040116,12,13,25,0,22,1,1.116494,0.000325,1028,52,0.972657,0.001175,699,52,1
162.216.150.221,192.168.10.5,202305040115,8,6,14,0,48988,1,49.543796,0.002334,259,40,49.71152,1e-06,60,44,1
162.216.149.186,192.168.10.5,202305040115,7,6,13,0,9030,1,50.368531,0.0,377,40,50.539739,0.0,60,44,1
159.89.174.63,192.168.10.5,202305040116,3,1,4,0,22,1,0.112636,0.003519,44,40,-10000,-10000,44,44,1
198.199.102.77,192.168.10.5,202305040116,1,1,2,0,119,1,-10000,-10000,44,44,-10000,-10000,40,40,1
103.159.50.147,192.168.10.5,202305040116,14,14,28,0,22,1,1.092048,0.0,1028,52,0.97345,0.000614,699,52,1
162.216.150.180,192.168.10.5,202305040115,8,6,14,0,38522,1,49.307724,0.0,378,40,49.481335,0.0,60,44,1
118.151.210.130,192.168.10.5,202305040115,8,6,14,0,2375,1,52.970989,1e-06,178,40,53.110994,0.0,60,44,1
192.241.193.60,192.168.10.5,202305040116,1,6,7,0,49152,1,-10000,-10000,44,44,16.240271,1.033816,44,44,1
35.203.211.114,192.168.10.5,202305040116,4,4,8,0,4268,1,1.522863,0.0,44,44,1.448644,0.0,44,40,1
165.22.210.239,192.168.10.5,202305040116,12,13,25,0,22,1,1.188048,0.0,1028,52,1.038935,0.001171,699,52,1
64.227.144.244,192.168.10.5,202305040117,2,1,3,0,1327,1,0.139272,0.139272,44,40,-10000,-10000,44,44,1
178.128.110.5,192.168.10.5,202305040116,90,121,211,0,22,1,1.087912,0.0,1028,52,0.971881,0.000199,804,52,1
35.207.209.4,192.168.10.5,202305040117,12,14,26,0,22,1,1.163887,9.3e-05,1028,52,0.970579,0.000397,699,52,1
167.248.133.141,192.168.10.5,202305040117,2,1,3,0,5900,1,0.140163,0.140163,44,40,-10000,-10000,44,44,1
167.248.133.125,192.168.10.5,202305040117,7,5,12,0,5900,1,0.145093,0.0,64,52,0.14637,0.000283,64,52,1
162.142.125.160,192.168.10.5,202305040117,2,1,3,0,5900,1,0.149786,0.149786,60,40,-10000,-10000,60,60,1
134.209.254.124,192.168.10.5,202305040117,12,14,26,0,22,1,1.28153,0.0,1028,52,0.970428,0.0,699,52,1
35.203.211.76,192.168.10.5,202305040116,8,6,14,0,12443,1,48.04133,0.000927,259,40,48.263954,0.0,60,44,1
46.101.62.196,192.168.10.5,202305040117,12,14,26,0,22,1,1.249656,0.0,1028,52,0.971037,0.000102,699,52,1
152.89.196.144,192.168.10.5,202305040117,8,7,15,0,80,1,2.628388,0.0,293,52,2.879409,1e-06,1956,52,1
123.30.149.76,192.168.10.5,202305040117,12,13,25,0,22,1,1.085263,0.000245,1028,52,0.970933,0.000993,699,52,1
109.205.213.30,192.168.10.5,202305040117,1,1,2,0,85,1,-10000,-10000,44,44,-10000,-10000,40,40,1
60.49.23.66,192.168.10.5,202305040117,4,3,7,0,3389,1,0.192694,0.000492,83,40,0.099599,0.091902,59,40,1
139.59.224.196,192.168.10.5,202305040102,396,485,881,0,22,1,47.666255,0.0,1028,52,47.738355,4.6e-05,804,52,1
39.52.122.147,192.168.10.5,202305040117,16,15,31,0,2323,1,1.798977,0.002657,64,40,1.567244,0.0,60,44,1
103.159.50.147,192.168.10.5,202305040118,14,14,28,0,22,1,1.089683,0.0,1028,52,0.972271,0.000194,699,52,1
165.22.210.239,192.168.10.5,202305040118,12,13,25,0,22,1,1.131089,0.000152,1028,52,0.97443,0.00109,699,52,1
178.128.110.5,192.168.10.5,202305040118,12,13,25,0,22,1,1.086706,0.0,1028,52,0.971888,0.001353,699,52,1
104.29.46.61,192.168.10.5,202305040118,3,1,4,0,2096,1,0.119143,0.000568,44,40,-10000,-10000,44,44,1
23.225.180.199,192.168.10.5,202305040118,29,29,58,0,12540,1,1.134637,0.0,322,52,1.123253,0.0,60,52,1
64.225.74.178,192.168.10.5,202305040118,5,4,9,0,33060,1,5.867296,0.045836,60,52,6.165565,0.0,60,52,1
5.39.216.130,192.168.10.5,202305040118,6,2,8,0,8858,2,8.17962,0.003269,44,40,8.450652,8.450652,44,44,1
35.203.211.174,192.168.10.5,202305040118,4,4,8,0,6881,1,1.48825,0.0,44,44,1.491009,0.0,44,40,1
65.49.20.85,192.168.10.5,202305040118,2,1,3,0,2087,1,0.116174,0.116174,44,40,-10000,-10000,44,44,1
134.209.254.124,192.168.10.5,202305040118,12,13,25,0,22,1,1.27317,5.8e-05,1028,52,0.971551,0.000986,699,52,1
35.207.209.4,192.168.10.5,202305040118,12,15,27,0,22,1,1.165955,0.0,1028,52,0.973797,0.0,699,52,1
37.187.74.90,192.168.10.5,202305040118,4,4,8,0,17111,1,1.268502,0.008581,44,40,1.266284,1e-06,44,40,1
162.243.134.13,192.168.10.5,202305040118,1,6,7,0,45042,1,-10000,-10000,44,44,16.240114,1.040571,44,44,1
65.49.20.69,192.168.10.5,202305040118,5,5,10,0,2087,1,1.130569,0.0,168,40,1.008546,0.0,48,40,1
46.101.62.196,192.168.10.5,202305040118,12,13,25,0,22,1,1.24319,0.0,1028,52,0.970067,0.001239,699,52,1
103.162.36.21,192.168.10.5,202305040117,12,12,24,0,3389,1,45.209588,0.0,83,40,45.304694,0.0,59,40,1
121.125.116.188,192.168.10.5,202305040119,6,6,12,0,4983,1,1.086487,0.078614,525,40,1.007655,1e-06,52,40,1
162.216.149.51,192.168.10.5,202305040118,8,6,14,0,10031,1,50.253896,6.2e-05,378,40,50.420014,0.0,60,44,1
165.22.210.239,192.168.10.5,202305040119,12,14,26,0,22,1,1.126656,1e-06,1028,52,0.970491,0.000297,699,52,1
178.128.110.5,192.168.10.5,202305040119,12,14,26,0,22,1,1.094799,1e-06,1028,52,0.969128,1e-06,699,52,1
120.48.45.174,192.168.10.5,202305040119,2,1,3,0,22,1,0.220137,0.220137,44,40,-10000,-10000,44,44,1
162.243.134.13,192.168.10.5,202305040119,5,5,10,0,45042,1,1.123621,0.0,194,52,1.008705,0.0,60,52,1
42.81.126.15,192.168.10.5,202305040119,2,1,3,0,22,1,0.230003,0.230003,44,40,-10000,-10000,44,44,1
134.209.254.124,192.168.10.5,202305040119,12,13,25,0,22,1,1.274122,1e-06,1028,52,0.971637,0.001225,699,52,1
103.175.46.203,192.168.10.5,202305040119,2,4,6,0,22,1,7.25027,7.25027,44,40,4.092737,1.022957,44,44,1
35.207.209.4,192.168.10.5,202305040119,12,14,26,0,22,1,1.160007,0.000333,1028,52,0.972243,0.000252,699,52,1
146.190.65.27,192.168.10.5,202305040119,12,13,25,0,22,1,1.174568,0.0,1028,52,0.966414,0.001149,699,52,1
180.76.172.241,192.168.10.5,202305040119,2,1,3,0,22,1,0.215292,0.215292,44,40,-10000,-10000,44,44,1
192.241.193.60,192.168.10.5,202305040119,5,5,10,0,49152,1,1.128101,0.0,77,52,1.009143,0.0,60,52,1
103.159.50.147,192.168.10.5,202305040119,14,14,28,0,22,1,1.086513,0.0,1028,52,0.970247,0.000143,699,52,1
183.56.229.134,192.168.10.5,202305040119,4,3,7,0,3389,1,0.342304,0.000594,83,40,0.295919,0.059513,59,40,1
43.143.3.213,192.168.10.5,202305040120,4,4,8,0,3389,1,1.184001,1e-06,83,40,1.007256,0.036941,59,40,1
5.39.216.130,192.168.10.5,202305040119,4,2,6,0,5938,2,26.323392,0.000592,44,40,26.32341,26.32341,44,40,1
80.82.77.139,192.168.10.5,202305040120,25,19,44,0,11300,1,2.056954,0.0,303,40,2.338176,0.0,60,44,1
46.101.62.196,192.168.10.5,202305040120,12,13,25,0,22,1,1.255617,0.0,1028,52,0.973948,0.001364,699,52,1
101.34.37.129,192.168.10.5,202305040120,6,8,14,0,5900,1,1.267485,0.0,64,52,1.000748,0.000986,64,52,1
198.235.24.242,192.168.10.5,202305040120,1,1,2,0,873,1,-10000,-10000,44,44,-10000,-10000,40,40,1
123.30.149.76,192.168.10.5,202305040120,12,14,26,0,22,1,1.118278,0.0,1028,52,0.973993,0.000294,699,52,1
107.170.241.31,192.168.10.5,202305040120,1,6,7,0,1433,1,-10000,-10000,44,44,16.244072,1.037529,44,44,1
35.203.210.170,192.168.10.5,202305040120,4,4,8,0,33126,1,1.520163,1e-06,44,44,1.235508,0.0,44,40,1
165.22.210.239,192.168.10.5,202305040120,12,13,25,0,22,1,1.123938,6e-05,1028,52,0.969222,0.00091,699,52,1
178.128.110.5,192.168.10.5,202305040120,12,14,26,0,22,1,1.086727,0.0,1028,52,0.970445,0.000245,699,52,1
35.207.209.4,192.168.10.5,202305040121,12,14,26,0,22,1,1.159392,0.0,1028,52,0.971064,0.000347,699,52,1
193.37.255.114,192.168.10.5,202305040120,25,19,44,0,5984,1,1.661399,0.0,303,40,1.924517,0.0,60,44,1
192.168.3.118,172.29.148.192,202305040119,20,0,20,0,55443,1,12.840543,1.015179,60,60,-10000,-10000,-10000,-10000,0
103.89.12.92,192.168.10.5,202305040120,6,4,10,0,40422,1,30.800152,0.0,44,40,1.191146,0.0,44,40,1
103.162.36.21,192.168.10.5,202305040121,8,8,16,0,3389,1,27.374402,1e-06,83,40,27.487569,9.5e-05,59,40,1
124.222.197.135,192.168.10.5,202305040121,5,6,11,0,5900,1,0.739279,0.0,64,52,0.560982,0.001529,64,52,1
124.223.169.131,192.168.10.5,202305040121,6,7,13,0,5900,1,1.001638,1e-06,64,52,1.001558,0.000696,64,52,1
103.159.50.147,192.168.10.5,202305040121,14,14,28,0,22,1,1.088796,1e-06,1028,52,0.970096,0.000151,699,52,1
118.68.171.32,192.168.10.5,202305040121,4,3,7,0,3389,1,0.197773,0.0,83,40,0.123608,0.073972,59,40,1
134.209.254.124,192.168.10.5,202305040120,24,27,51,0,22,1,65.714755,0.0,1028,52,65.977634,0.000392,699,52,1
159.203.182.222,192.168.10.5,202305040122,3,1,4,0,10000,1,0.159421,0.007127,44,40,-10000,-10000,44,44,1
46.101.62.196,192.168.10.5,202305040122,12,13,25,0,22,1,1.244106,0.0,1028,52,0.967947,0.000779,699,52,1
207.154.240.169,192.168.10.5,202305040122,10,8,18,0,10000,1,1.283411,1e-06,291,52,1.008331,0.0,60,52,1
5.39.216.130,192.168.10.5,202305040121,6,2,8,0,9663,2,30.961218,0.002125,44,40,31.214436,31.214436,44,44,1
167.94.138.140,192.168.10.5,202305040122,2,1,3,0,2066,1,0.219905,0.219905,44,40,-10000,-10000,44,44,1
165.22.210.239,192.168.10.5,202305040122,12,13,25,0,22,1,1.127182,1e-06,1028,52,0.971163,0.001253,699,52,1
178.128.110.5,192.168.10.5,202305040122,12,13,25,0,22,1,1.09894,0.0,1028,52,0.970792,0.001251,699,52,1
107.170.241.31,192.168.10.5,202305040122,5,3,8,0,1433,1,10.000861,0.0,76,52,10.000966,0.115494,60,52,1
167.94.138.35,192.168.10.5,202305040122,14,10,24,0,2066,1,1.225546,0.0,295,40,1.219393,0.0,60,40,1
35.207.209.4,192.168.10.5,202305040122,12,13,25,0,22,1,1.152558,7.8e-05,1028,52,0.971521,0.001048,699,52,1
162.142.125.160,192.168.10.5,202305040122,2,1,3,0,2066,1,0.158462,0.158462,60,40,-10000,-10000,60,60,1
123.30.149.76,192.168.10.5,202305040122,12,14,26,0,22,1,1.112256,0.0,1028,52,0.970341,0.000175,699,52,1
183.250.153.34,192.168.10.5,202305040122,4,3,7,0,3389,1,0.250244,0.0,83,40,0.157176,0.09011,59,40,1
64.62.197.176,192.168.10.5,202305040122,1,0,0,1,47808,1,-10000,-10000,45,45,-10000,-10000,-10000,-10000,1
45.95.146.34,192.168.10.5,202305040122,7,6,13,0,81,1,0.24964,0.0,78,40,0.316982,0.000539,489,44,1
35.203.210.28,192.168.10.5,202305040121,8,6,14,0,9013,1,50.132236,0.0,377,40,50.355623,1e-06,60,44,1
192.241.236.37,192.168.10.5,202305040122,1,6,7,0,135,1,-10000,-10000,44,44,16.240138,1.025836,44,44,1
103.162.36.21,192.168.10.5,202305040122,4,3,7,0,3389,1,0.124572,0.002972,83,40,0.108648,0.017248,59,40,1
134.209.254.124,192.168.10.5,202305040123,12,13,25,0,22,1,1.278229,1e-06,1028,52,0.966354,0.001345,699,52,1
193.142.146.214,192.168.10.5,202305040123,8,6,14,0,23,2,0.288061,0.0,60,40,0.268116,0.000539,76,44,1
5.39.216.130,192.168.10.5,202305040123,3,1,4,0,1723,1,0.251125,0.005642,44,40,-10000,-10000,44,44,1
43.134.171.148,192.168.10.5,202305040122,93,75,168,0,443,1,9.993543,0.0,3870,52,9.993728,0.0,1863,40,1
178.128.110.5,192.168.10.5,202305040123,12,14,26,0,22,1,1.102479,0.0,1028,52,0.970143,0.0,699,52,1
120.76.193.219,192.168.10.5,202305040123,7,3,10,0,6379,1,0.2213,0.0,66,40,0.22419,0.0,60,40,1
165.22.210.239,192.168.10.5,202305040123,12,13,25,0,22,1,1.130791,0.0,1028,52,0.97283,0.001122,699,52,1
195.3.147.52,192.168.10.5,202305040123,10,12,22,0,22,1,1.282466,0.002142,944,40,0.969928,0.00144,888,40,1
35.207.209.4,192.168.10.5,202305040123,12,14,26,0,22,1,1.155245,1e-06,1028,52,0.970864,0.0,699,52,1
46.101.62.196,192.168.10.5,202305040123,12,13,25,0,22,1,1.246654,4.9e-05,1028,52,0.970555,0.000978,699,52,1
103.159.50.147,192.168.10.5,202305040123,14,14,28,0,22,1,1.09,0.0,1028,52,0.972962,0.000498,699,52,1
94.102.61.44,192.168.10.5,202305040123,1,6,7,0,8236,1,-10000,-10000,44,44,16.240106,1.016165,44,44,1
64.225.74.178,192.168.10.5,202305040122,51,42,93,0,9160,5,35.254628,0.0,303,52,35.255122,0.0,60,52,1
192.168.10.4,192.168.10.5,202305040123,34,12,46,0,64297,1,5.03635,0.0,575,52,5.036366,0.0,3876,40,1
146.190.65.27,192.168.10.5,202305040122,102,135,237,0,22,1,53.061136,0.0,1028,52,53.212849,0.0,804,52,1
121.125.116.188,192.168.10.5,202305040124,6,6,12,0,4983,1,1.12143,0.035443,108,40,1.008441,0.0,52,40,1
134.209.254.124,192.168.10.5,202305040124,12,13,25,0,22,1,1.272262,0.0,1028,52,0.972442,0.001228,699,52,1
123.30.149.76,192.168.10.5,202305040124,12,15,27,0,22,1,1.119198,0.001179,1028,52,0.966457,0.000348,676,52,1
103.162.36.21,192.168.10.5,202305040124,8,6,14,0,3389,1,27.972541,0.000623,83,40,28.066166,0.044485,59,40,1
178.128.110.5,192.168.10.5,202305040124,12,13,25,0,22,1,1.09513,0.0,1028,52,0.964545,0.000597,699,52,1
35.207.209.4,192.168.10.5,202305040124,12,14,26,0,22,1,1.157338,1e-06,1028,52,0.973597,0.000396,699,52,1
165.22.210.239,192.168.10.5,202305040124,12,13,25,0,22,1,1.123645,0.0,1028,52,0.967962,0.00104,699,52,1
146.88.240.4,192.168.10.5,202305040124,1,0,0,1,5683,1,-10000,-10000,49,49,-10000,-10000,-10000,-10000,1
46.101.62.196,192.168.10.5,202305040125,12,13,25,0,22,1,1.246698,0.0,1028,52,0.973327,0.000995,699,52,1
107.170.238.10,192.168.10.5,202305040124,1,6,7,0,45042,1,-10000,-10000,44,44,16.240025,1.02385,44,44,1
146.190.65.27,192.168.10.5,202305040125,12,13,25,0,22,1,1.159702,0.000287,1028,52,0.9718,0.000935,699,52,1
193.142.146.214,192.168.10.5,202305040125,1,1,2,0,23,1,-10000,-10000,52,52,-10000,-10000,52,52,1
80.66.77.236,192.168.10.5,202305040124,77,56,133,0,34567,1,30.416525,0.0,173,40,30.723737,0.0,60,44,1
103.159.50.147,192.168.10.5,202305040125,14,14,28,0,22,1,1.084691,0.0,1028,52,0.971899,5e-05,699,52,1
5.39.216.130,192.168.10.5,202305040125,3,1,4,0,22,1,0.262517,0.007391,44,40,-10000,-10000,44,44,1
139.59.224.196,192.168.10.5,202305040119,96,112,208,0,22,1,51.549044,0.0,1028,52,51.640109,5e-05,699,52,1
35.203.211.113,192.168.10.5,202305040125,1,1,2,0,1022,1,-10000,-10000,44,44,-10000,-10000,40,40,1
183.56.229.134,192.168.10.5,202305040125,4,5,9,0,3389,1,1.203513,0.0,83,40,0.771312,0.0,59,40,1
178.128.110.5,192.168.10.5,202305040126,12,13,25,0,22,1,1.105641,0.0,1028,52,0.973497,0.000994,699,52,1
35.207.209.4,192.168.10.5,202305040126,12,13,25,0,22,1,1.157928,3.7e-05,1028,52,0.970914,0.001105,699,52,1
103.56.61.130,192.168.10.5,202305040126,2,1,3,0,16993,1,0.053314,0.053314,44,40,-10000,-10000,44,44,1
162.216.149.145,192.168.10.5,202305040125,8,6,14,0,9605,1,46.261072,0.0,377,40,46.43102,1e-06,60,44,1
165.22.210.239,192.168.10.5,202305040126,12,14,26,0,22,1,1.131228,0.0,1028,52,0.971644,0.000229,699,52,1
123.30.149.76,192.168.10.5,202305040126,12,13,25,0,22,1,1.093364,0.000324,1028,52,0.971193,0.001047,699,52,1
146.190.65.27,192.168.10.5,202305040126,12,13,25,0,22,1,1.169235,0.0,1028,52,0.970733,0.000919,699,52,1
71.6.135.131,192.168.10.5,202305040126,8,6,14,0,3780,1,1.316944,0.003232,301,40,1.479014,0.0,60,44,1
162.216.150.136,192.168.10.5,202305040126,4,4,8,0,4266,1,1.219037,0.0,44,44,1.404796,1e-06,44,40,1
35.203.210.89,192.168.10.5,202305040126,4,4,8,0,50078,1,1.372788,0.0,44,44,1.277658,0.0,44,40,1
36.156.22.2,192.168.10.5,202305040126,7,8,15,0,16993,1,0.793739,0.002954,127,52,0.720256,0.0,56,52,1
128.199.104.145,192.168.10.5,202305040126,3,2,5,0,37422,1,0.078384,0.007078,44,40,0.084828,0.084828,44,40,1
162.142.125.228,192.168.10.5,202305040126,2,1,3,0,8594,1,0.158141,0.158141,44,40,-10000,-10000,44,44,1
162.142.125.216,192.168.10.5,202305040126,14,10,24,0,8594,1,1.144191,0.0,295,40,1.15224,0.0,60,40,1
46.101.62.196,192.168.10.5,202305040126,12,14,26,0,22,1,1.246133,0.0,1028,52,0.96786,0.00015,699,52,1
162.142.125.160,192.168.10.5,202305040126,2,1,3,0,8594,1,0.146297,0.146297,60,40,-10000,-10000,60,60,1
175.160.125.130,192.168.10.5,202305040124,4,13,17,0,22,1,0.34853,0.0,74,52,43.306882,0.011488,699,52,1
103.159.50.147,192.168.10.5,202305040127,14,14,28,0,22,1,1.09292,0.0,1028,52,0.970544,9.9e-05,699,52,1
178.128.110.5,192.168.10.5,202305040127,12,13,25,0,22,1,1.094131,5e-05,1028,52,0.971845,0.000921,699,52,1
35.207.209.4,192.168.10.5,202305040127,12,13,25,0,22,1,1.161491,4.7e-05,1028,52,0.969834,0.001229,699,52,1
192.241.236.37,192.168.10.5,202305040127,5,3,8,0,135,1,10.001705,0.000327,75,52,10.001556,0.118557,60,52,1
165.22.210.239,192.168.10.5,202305040127,12,13,25,0,22,1,1.127672,0.000324,1028,52,0.970123,0.001048,699,52,1
64.225.74.178,192.168.10.5,202305040126,37,30,67,0,22,3,60.48199,0.011938,1220,52,60.481991,0.0,676,52,1
146.190.65.27,192.168.10.5,202305040127,12,13,25,0,22,1,1.169839,0.0,1028,52,0.97102,0.001109,699,52,1
103.162.36.21,192.168.10.5,202305040126,12,9,21,0,3389,1,38.216489,0.000269,83,40,38.317818,0.020504,59,40,1
87.98.234.70,192.168.10.5,202305040127,3,2,5,0,2000,1,1.27707,0.197528,44,40,1.009264,1.009264,44,44,1
162.216.149.3,192.168.10.5,202305040127,8,6,14,0,45215,1,46.284915,0.000625,259,40,46.454586,0.0,60,44,1
107.170.238.10,192.168.10.5,202305040127,4,4,8,0,45042,1,1.129196,0.000171,60,52,1.127503,0.0,60,52,1
35.203.210.223,192.168.10.5,202305040127,8,6,14,0,13000,1,49.961506,0.000298,378,40,50.182856,0.0,60,44,1
211.141.212.6,192.168.10.5,202305040128,2,1,3,0,10022,1,0.079264,0.079264,44,40,-10000,-10000,44,44,1
123.30.149.76,192.168.10.5,202305040128,12,13,25,0,22,1,1.118656,0.0,1028,52,0.972619,0.000836,699,52,1
46.101.62.196,192.168.10.5,202305040128,12,13,25,0,22,1,1.252042,6.2e-05,1028,52,0.968846,0.001028,699,52,1
118.68.171.32,192.168.10.5,202305040128,4,3,7,0,3389,1,0.168557,0.000636,83,40,0.128284,0.038909,59,40,1
71.6.158.166,192.168.10.5,202305040128,2,1,3,0,5900,1,0.129853,0.129853,44,40,-10000,-10000,44,44,1
162.216.150.203,192.168.10.5,202305040127,8,6,14,0,9094,1,50.27074,0.000399,259,40,50.437087,0.0,60,44,1
95.167.178.44,192.168.10.5,202305040128,12,13,25,0,22,1,1.375641,0.000626,1028,52,0.973046,0.00132,699,52,1
178.128.110.5,192.168.10.5,202305040128,12,13,25,0,22,1,1.086165,0.000114,1028,52,0.973819,0.001069,699,52,1
193.105.134.95,192.168.10.5,202305040128,20,24,44,0,22,1,17.098225,0.000928,944,40,17.360002,0.001491,888,40,1
35.207.209.4,192.168.10.5,202305040128,12,13,25,0,22,1,1.159094,0.00033,1028,52,0.969947,0.000977,699,52,1
35.203.211.158,192.168.10.5,202305040127,8,6,14,0,9766,1,48.739272,0.000297,377,40,48.962538,1e-06,60,44,1
118.151.210.130,192.168.10.5,202305040127,8,6,14,0,2376,1,57.654904,0.0,178,40,57.852987,0.0,60,44,1
146.190.65.27,192.168.10.5,202305040128,12,14,26,0,22,1,1.17496,1e-06,1028,52,0.971984,0.0,699,52,1
165.22.210.239,192.168.10.5,202305040128,12,13,25,0,22,1,1.125443,0.0,1028,52,0.971036,0.001127,699,52,1
35.203.211.247,192.168.10.5,202305040127,8,6,14,0,49536,1,52.32257,0.000923,259,40,52.544554,1e-06,60,44,1
103.159.50.147,192.168.10.5,202305040128,14,13,27,0,22,1,1.119188,0.0,1028,52,0.972648,0.00124,699,52,1
5.39.216.130,192.168.10.5,202305040126,19,7,26,0,7000,7,56.391881,0.0,44,40,56.660815,5.86421,44,40,1
185.94.111.1,192.168.10.5,202305040129,1,0,0,1,19,1,-10000,-10000,28,28,-10000,-10000,-10000,-10000,1
35.203.211.216,192.168.10.5,202305040128,8,6,14,0,48169,1,51.581175,1e-06,259,40,51.803641,1e-06,60,44,1
162.142.125.234,192.168.10.5,202305040129,2,1,3,0,1457,1,0.142297,0.142297,44,40,-10000,-10000,44,44,1
45.12.253.154,192.168.10.5,202305040129,3,1,4,0,7000,1,0.252046,0.004725,44,40,-10000,-10000,44,44,1
118.123.105.86,192.168.10.5,202305040129,7,6,13,0,40000,1,24.015559,0.001519,146,40,24.264022,0.0,60,44,1
162.142.125.224,192.168.10.5,202305040129,16,11,27,0,1457,1,1.159008,0.000102,295,40,1.158508,0.0,60,52,1
94.102.61.44,192.168.10.5,202305040129,6,5,11,0,8236,1,1.256817,0.0,259,52,1.008578,0.0,60,52,1
162.142.125.135,192.168.10.5,202305040129,2,1,3,0,2080,1,0.156432,0.156432,44,40,-10000,-10000,44,44,1
46.101.62.196,192.168.10.5,202305040129,12,14,26,0,22,1,1.250542,0.000145,1028,52,0.971827,0.000198,699,52,1
35.207.209.4,192.168.10.5,202305040129,12,14,26,0,22,1,1.15695,0.000247,1028,52,0.970994,0.000299,699,52,1
162.216.149.202,192.168.10.5,202305040129,4,4,8,0,2307,1,1.245205,0.0,44,44,1.267489,1e-06,44,40,1
162.142.125.160,192.168.10.5,202305040129,4,2,6,0,1457,2,24.814541,0.151355,60,40,24.965701,24.965701,60,60,1
162.142.125.215,192.168.10.5,202305040129,14,9,23,0,2080,1,1.159692,0.0,295,40,1.157196,0.0,60,52,1
178.128.110.5,192.168.10.5,202305040129,12,14,26,0,22,1,1.083711,0.0,1028,52,0.968491,0.000198,699,52,1
80.66.77.238,192.168.10.5,202305040129,1,1,2,0,89,1,-10000,-10000,44,44,-10000,-10000,40,40,1
146.190.65.27,192.168.10.5,202305040129,12,13,25,0,22,1,1.171023,6.3e-05,1028,52,0.970614,0.001222,699,52,1
165.22.210.239,192.168.10.5,202305040130,12,13,25,0,22,1,1.141248,0.0,1028,52,0.970482,0.000878,699,52,1
123.30.149.76,192.168.10.5,202305040130,12,13,25,0,22,1,1.089109,4.8e-05,1028,52,0.9712,0.00102,699,52,1
95.167.178.44,192.168.10.5,202305040130,12,15,27,0,22,1,1.373885,0.000922,1028,52,0.969777,0.0,676,52,1
146.88.241.160,192.168.10.5,202305040130,1,1,0,2,69,2,-10000,-10000,54,54,-10000,-10000,47,47,1
179.43.163.132,192.168.10.5,202305040130,7,5,12,0,4719,1,29.980296,0.007739,60,40,30.282093,0.0,60,44,1
103.159.50.147,192.168.10.5,202305040130,14,14,28,0,22,1,1.08715,0.0,1028,52,0.972779,0.000201,699,52,1
121.125.116.188,192.168.10.5,202305040130,6,7,13,0,4983,1,3.006307,0.072633,462,40,3.006137,0.0,52,40,1
110.180.181.248,192.168.10.5,202305040130,8,5,13,0,23,1,23.356385,0.102209,60,40,0.993855,0.102209,60,44,1
162.216.150.206,192.168.10.5,202305040130,8,6,14,0,18008,1,47.467546,0.0,378,40,47.640216,0.0,60,44,1
35.207.209.4,192.168.10.5,202305040131,12,14,26,0,22,1,1.153681,0.000992,1028,52,0.968639,0.000147,699,52,1
103.162.36.21,192.168.10.5,202305040130,12,9,21,0,3389,1,27.591145,0.0,83,40,27.681056,0.04011,59,40,1
94.102.61.54,192.168.10.5,202305040128,14,22,36,0,8576,2,60.879867,0.0,259,44,33.602212,0.0,60,44,1
178.128.110.5,192.168.10.5,202305040131,12,14,26,0,22,1,1.103119,0.000297,1028,52,0.972022,0.000346,699,52,1
146.190.65.27,192.168.10.5,202305040131,12,14,26,0,22,1,1.170745,0.0,1028,52,0.973778,0.000398,699,52,1
95.167.178.44,192.168.10.5,202305040131,12,14,26,0,22,1,1.377696,0.000632,1028,52,0.971664,0.001047,676,52,1
46.101.62.196,192.168.10.5,202305040131,12,13,25,0,22,1,1.243951,6.2e-05,1028,52,0.966925,0.001183,699,52,1
192.168.3.117,172.29.148.192,202305040129,20,0,20,0,55443,1,12.907015,1.00291,60,60,-10000,-10000,-10000,-10000,0
165.22.210.239,192.168.10.5,202305040131,12,14,26,0,22,1,1.125416,1e-06,1028,52,0.967639,0.00013,699,52,1
38.132.109.118,192.168.10.5,202305040131,1,6,7,0,1723,1,-10000,-10000,44,44,16.236082,1.017638,44,44,1
2.57.122.69,192.168.10.5,202305040131,2,1,3,0,4200,1,0.260398,0.260398,44,40,-10000,-10000,44,44,1
36.93.138.59,192.168.10.5,202305040131,7,6,13,0,8080,1,1.319036,0.0,236,40,1.009207,0.0,60,44,1
162.216.150.67,192.168.10.5,202305040130,8,6,14,0,9802,1,47.303702,1e-06,377,40,47.471386,0.0,60,44,1
162.216.150.214,192.168.10.5,202305040131,4,4,8,0,52160,1,1.214225,1e-06,44,44,1.462516,0.0,44,40,1
198.199.96.206,192.168.10.5,202305040132,1,1,2,0,138,1,-10000,-10000,44,44,-10000,-10000,40,40,1
123.30.149.76,192.168.10.5,202305040131,90,120,210,0,22,1,1.090305,0.0,1028,52,0.971594,0.000147,804,52,1
101.89.216.223,192.168.10.5,202305040132,6,6,12,0,5900,1,0.998238,0.000271,64,52,0.998239,0.001329,64,52,1
198.235.24.97,192.168.10.5,202305040132,1,0,0,1,1434,1,-10000,-10000,29,29,-10000,-10000,-10000,-10000,1
43.131.23.30,192.168.10.5,202305040131,17,14,31,0,8857,1,10.009726,0.0,295,40,10.248436,1e-06,60,52,1
35.207.209.4,192.168.10.5,202305040132,12,14,26,0,22,1,1.164139,1e-06,1028,52,0.971515,0.000399,699,52,1
178.128.110.5,192.168.10.5,202305040132,12,14,26,0,22,1,1.093845,0.0,1028,52,0.965209,0.000649,699,52,1
99.227.136.218,192.168.10.5,202305040132,5,5,10,0,4983,1,1.180169,0.003593,232,40,1.027469,0.0,52,40,1
146.190.65.27,192.168.10.5,202305040132,12,15,27,0,22,1,1.171113,0.0,1028,52,0.969876,0.0,699,52,1
103.159.50.147,192.168.10.5,202305040132,14,13,27,0,22,1,1.084308,0.0,1028,52,0.97028,0.000627,699,52,1
94.102.61.44,192.168.10.5,202305040132,1,6,7,0,8554,1,-10000,-10000,44,44,16.239855,1.013051,44,44,1
165.22.210.239,192.168.10.5,202305040132,12,13,25,0,22,1,1.124889,0.0,1028,52,0.969731,0.000508,699,52,1
89.248.165.52,192.168.10.5,202305040127,36,65,101,0,2229,1,28.639805,1.006355,60,60,28.51868,0.00157,60,40,1
46.101.62.196,192.168.10.5,202305040132,12,14,26,0,22,1,1.242467,0.0,1028,52,0.969745,0.000296,699,52,1
198.235.24.88,192.168.10.5,202305040133,4,4,8,0,5901,1,1.227326,1e-06,44,44,1.097302,0.0,44,40,1
95.214.55.244,192.168.10.5,202305040133,9,8,17,0,8888,1,1.29459,0.0,2856,40,1.007608,0.0,60,52,1
125.139.82.65,192.168.10.5,202305040133,1,0,1,0,22022,1,-10000,-10000,44,44,-10000,-10000,-10000,-10000,1
35.207.209.4,192.168.10.5,202305040133,12,13,25,0,22,1,1.164354,5e-05,1028,52,0.969747,0.001276,699,52,1
178.128.110.5,192.168.10.5,202305040133,12,13,25,0,22,1,1.10103,0.0,1028,52,0.970744,0.001149,699,52,1
146.190.65.27,192.168.10.5,202305040133,12,13,25,0,22,1,1.170704,0.0,1028,52,0.971841,0.001151,699,52,1
123.30.149.76,192.168.10.5,202305040133,12,14,26,0,22,1,1.115012,5.1e-05,1028,52,0.968888,0.0001,699,52,1
165.22.210.239,192.168.10.5,202305040134,12,14,26,0,22,1,1.132639,0.0,1028,52,0.973723,0.000449,699,52,1
43.129.36.145,192.168.10.5,202305040133,22,18,40,0,49153,1,10.037568,0.0,295,40,10.132879,0.0,60,52,1
103.162.36.21,192.168.10.5,202305040133,12,9,21,0,3389,1,28.58144,0.0,83,40,28.675995,0.021056,59,40,1
46.101.62.196,192.168.10.5,202305040134,12,14,26,0,22,1,1.25025,0.0,1028,52,0.97243,0.000352,699,52,1
103.159.50.147,192.168.10.5,202305040134,14,13,27,0,22,1,1.084913,1e-06,1028,52,0.970951,0.001228,699,52,1
91.240.118.243,192.168.10.5,202305040134,6,2,8,0,5443,2,10.328247,0.000624,44,40,10.600033,10.600033,44,44,1
185.180.143.141,192.168.10.5,202305040134,14,10,24,0,8443,1,15.18248,0.0,289,40,15.428491,0.0,1376,40,1
118.68.171.32,192.168.10.5,202305040134,4,3,7,0,3389,1,0.211174,0.000106,83,40,0.127075,0.080241,59,40,1
35.203.210.73,192.168.10.5,202305040134,8,6,14,0,21283,1,47.967006,1e-06,378,40,48.190618,0.0,60,44,1
35.207.209.4,192.168.10.5,202305040134,12,14,26,0,22,1,1.153714,0.000371,1028,52,0.971694,0.0001,699,52,1
146.190.65.27,192.168.10.5,202305040134,12,14,26,0,22,1,1.179934,0.0,1028,52,0.971109,0.000141,699,52,1
178.128.110.5,192.168.10.5,202305040135,12,14,26,0,22,1,1.088198,0.0,1028,52,0.970413,0.000448,699,52,1
35.203.210.83,192.168.10.5,202305040135,4,4,8,0,31722,1,1.45606,0.0,44,44,1.290646,0.0,44,40,1
74.82.47.46,192.168.10.5,202305040135,1,0,0,1,1900,1,-10000,-10000,125,125,-10000,-10000,-10000,-10000,1
5.39.216.130,192.168.10.5,202305040132,21,7,28,0,8403,7,43.983974,0.00058,44,40,44.241754,6.140197,44,44,1
162.216.150.231,192.168.10.5,202305040134,7,6,13,0,2031,1,48.83734,0.0,259,40,49.005863,1e-06,60,44,1
165.22.210.239,192.168.10.5,202305040135,12,14,26,0,22,1,1.123098,0.0,1028,52,0.968996,0.000101,699,52,1
45.140.192.205,192.168.10.5,202305040135,17,14,31,0,22,1,1.343243,0.085608,916,52,0.970701,0.00119,676,52,1
106.12.132.36,192.168.10.5,202305040135,2,2,4,0,6379,1,1.248785,1.248785,60,40,1.033887,1.033887,60,60,1
94.102.61.44,192.168.10.5,202305040135,6,5,11,0,8554,1,1.244302,0.000294,259,52,1.008281,0.0,60,52,1
205.210.31.87,192.168.10.5,202305040134,8,7,15,0,4430,1,51.828683,0.0,259,40,51.965979,0.0,60,44,1
123.30.149.76,192.168.10.5,202305040135,12,13,25,0,22,1,1.083478,5.6e-05,1028,52,0.973477,0.000806,699,52,1
91.240.118.224,192.168.10.5,202305040135,3,1,4,0,6123,1,0.280065,0.005629,44,40,-10000,-10000,44,44,1
194.110.203.86,192.168.10.5,202305040135,5,4,9,0,1298,1,1.282443,0.000918,87,40,1.008246,0.0,52,40,1
108.167.178.116,192.168.10.5,202305040135,4,4,8,0,41005,1,1.169821,0.0,44,40,1.175896,0.0,44,40,1
121.125.116.188,192.168.10.5,202305040135,6,7,13,0,4983,1,1.079301,0.028598,108,40,1.008332,0.0,52,40,1
46.101.62.196,192.168.10.5,202305040135,12,13,25,0,22,1,1.261871,4.5e-05,1028,52,0.974626,0.001106,699,52,1
49.12.46.85,192.168.10.5,202305040136,6,6,12,0,25565,1,1.257424,1e-06,71,52,1.008452,0.0,60,52,1
162.216.149.20,192.168.10.5,202305040135,8,6,14,0,9260,1,47.960844,0.0,377,40,48.131069,1e-06,60,44,1
78.29.47.136,192.168.10.5,202305040136,2,1,3,0,23,1,0.30567,0.30567,44,40,-10000,-10000,44,44,1
192.241.231.10,192.168.10.5,202305040134,6,9,15,0,21,1,88.905689,1e-06,60,44,57.224383,0.118903,75,44,1
35.207.209.4,192.168.10.5,202305040136,12,13,25,0,22,1,1.162104,0.000278,1028,52,0.974607,0.0013,699,52,1
146.190.65.27,192.168.10.5,202305040136,12,14,26,0,22,1,1.169587,1e-06,1028,52,0.972841,9.8e-05,699,52,1
103.159.50.147,192.168.10.5,202305040136,14,14,28,0,22,1,1.090847,0.0,1028,52,0.971896,5e-05,699,52,1
178.128.110.5,192.168.10.5,202305040136,12,13,25,0,22,1,1.10105,6.1e-05,1028,52,0.969334,0.00085,699,52,1
162.216.150.236,192.168.10.5,202305040135,8,6,14,0,53629,1,50.54086,0.003272,259,40,50.709981,0.0,60,44,1
222.71.127.234,192.168.10.5,202305040136,2,1,3,0,1433,1,0.352373,0.352373,44,40,-10000,-10000,44,44,1
139.144.239.74,192.168.10.5,202305040136,2,1,3,0,9999,1,0.150605,0.150605,44,40,-10000,-10000,44,44,1
104.28.217.51,192.168.10.5,202305040136,5,5,10,0,2096,1,1.178161,0.0,324,52,1.008386,0.0,60,52,1
35.203.211.77,192.168.10.5,202305040136,4,4,8,0,54083,1,1.473991,1e-06,44,44,1.366802,0.0,44,40,1
45.79.181.104,192.168.10.5,202305040136,5,5,10,0,9999,1,1.163291,1e-06,190,52,1.008472,0.0,56,52,1
165.22.210.239,192.168.10.5,202305040136,12,14,26,0,22,1,1.123376,0.0,1028,52,0.968738,0.000199,699,52,1
167.248.133.136,192.168.10.5,202305040137,2,1,3,0,10001,1,0.146549,0.146549,44,40,-10000,-10000,44,44,1
167.248.133.126,192.168.10.5,202305040137,5,3,8,0,10001,1,0.137605,0.000321,60,52,0.135157,0.001296,495,52,1
35.203.210.138,192.168.10.5,202305040137,1,1,2,0,113,1,-10000,-10000,44,44,-10000,-10000,40,40,1
162.142.125.160,192.168.10.5,202305040137,2,1,3,0,10001,1,0.148909,0.148909,60,40,-10000,-10000,60,60,1
198.199.94.11,192.168.10.5,202305040136,1,6,7,0,50070,1,-10000,-10000,44,44,16.239669,1.038885,44,44,1
64.226.91.17,192.168.10.5,202305040137,12,13,25,0,22,1,1.27321,0.0,1028,52,0.970333,0.001171,699,52,1
5.39.216.130,192.168.10.5,202305040137,3,1,4,0,3114,1,0.260475,0.000784,44,40,-10000,-10000,44,44,1
51.158.22.172,192.168.10.5,202305040137,1,0,0,1,5060,1,-10000,-10000,439,439,-10000,-10000,-10000,-10000,1
162.216.149.130,192.168.10.5,202305040136,8,6,14,0,22082,1,51.880528,0.0,378,40,52.058747,0.0,60,44,1
35.207.209.4,192.168.10.5,202305040137,12,13,25,0,22,1,1.161813,0.0,1028,52,0.972972,0.001123,699,52,1
146.190.65.27,192.168.10.5,202305040137,12,14,26,0,22,1,1.174586,0.000375,1028,52,0.971094,0.00025,699,52,1
104.168.102.21,192.168.10.5,202305040137,12,14,26,0,22,1,1.132085,0.0,1028,52,0.973588,0.000898,699,52,1
46.101.62.196,192.168.10.5,202305040137,12,14,26,0,22,1,1.257665,0.0,1028,52,0.975384,0.000395,699,52,1
178.128.110.5,192.168.10.5,202305040137,12,13,25,0,22,1,1.095715,0.0,1028,52,0.972599,0.001072,699,52,1
123.30.149.76,192.168.10.5,202305040137,12,13,25,0,22,1,1.084324,0.000342,1028,52,0.97241,0.000943,699,52,1
164.90.205.35,192.168.10.5,202305040137,3,1,4,0,5003,1,0.270167,0.003268,44,40,-10000,-10000,44,44,1
165.22.74.203,192.168.10.5,202305040137,10,8,18,0,5003,1,1.288705,0.001056,291,52,1.008675,0.0,60,52,1
64.227.150.177,192.168.10.5,202305040137,3,1,4,0,22,1,0.129306,0.000934,44,40,-10000,-10000,44,44,1
192.168.3.118,172.29.148.192,202305040136,20,0,20,0,55443,1,12.844749,1.014287,60,60,-10000,-10000,-10000,-10000,0
103.159.50.147,192.168.10.5,202305040138,14,14,28,0,22,1,1.114627,0.0,1028,52,0.96993,0.000154,699,52,1
87.236.176.103,192.168.10.5,202305040138,4,4,8,0,7145,1,1.259251,0.0,60,52,1.257607,0.0,60,52,1
165.22.210.239,192.168.10.5,202305040138,12,13,25,0,22,1,1.131739,0.0,1028,52,0.974233,0.001128,699,52,1
106.112.222.42,192.168.10.5,202305040138,6,6,12,0,5900,1,0.661575,0.002601,64,52,0.661575,0.001488,64,52,1
103.162.36.21,192.168.10.5,202305040136,12,9,21,0,3389,1,45.663528,0.0,83,40,45.771603,0.061424,59,40,1
35.207.209.4,192.168.10.5,202305040138,12,13,25,0,22,1,1.157945,0.0,1028,52,0.972683,0.001175,699,52,1
146.190.65.27,192.168.10.5,202305040138,12,14,26,0,22,1,1.171625,0.0,1028,52,0.971492,2.8e-05,699,52,1
35.203.210.58,192.168.10.5,202305040137,8,6,14,0,8878,1,48.237487,0.000299,377,40,48.460038,0.0,60,44,1
5.39.216.130,192.168.10.5,202305040138,6,2,8,0,6161,2,17.231904,0.002153,44,40,17.502515,17.502515,44,44,1
178.128.110.5,192.168.10.5,202305040138,12,13,25,0,22,1,1.09587,0.0,1028,52,0.97269,0.001322,699,52,1
192.168.10.4,192.168.10.5,202305040138,34,12,46,0,64297,1,5.038936,0.0,575,52,5.03895,1e-06,3876,40,1
104.28.206.113,192.168.10.5,202305040138,15,14,29,0,22,1,1.061947,1e-06,1028,52,0.972199,0.001175,676,52,1
95.167.178.44,192.168.10.5,202305040132,162,206,368,0,22,1,62.057453,0.0,1028,52,62.415398,0.0,804,52,1
87.236.176.210,192.168.10.5,202305040139,4,4,8,0,32730,1,1.269271,0.001925,60,52,1.268674,0.0,60,52,1
46.101.62.196,192.168.10.5,202305040139,12,13,25,0,22,1,1.248346,0.0,1028,52,0.972173,0.001236,699,52,1
121.125.116.188,192.168.10.5,202305040139,5,5,10,0,4983,1,1.054223,0.000105,584,40,1.008424,0.0,52,40,1
165.22.210.239,192.168.10.5,202305040139,12,14,26,0,22,1,1.123075,0.0,1028,52,0.971508,0.0001,699,52,1
220.192.220.122,192.168.10.5,202305040139,1,6,7,0,23,1,-10000,-10000,44,44,16.240093,1.036309,44,44,1
123.30.149.76,192.168.10.5,202305040139,12,13,25,0,22,1,1.08937,0.0,1028,52,0.972286,0.001126,699,52,1
185.233.19.94,192.168.10.5,202305040139,2,1,3,0,21,1,0.094778,0.094778,44,44,-10000,-10000,44,44,1
205.210.31.24,192.168.10.5,202305040138,8,6,14,0,9443,1,48.24472,0.002324,259,40,48.37786,0.0,60,44,1
59.10.52.232,192.168.10.5,202305040139,1,6,7,0,23,1,-10000,-10000,44,44,16.236174,1.024896,44,44,1
103.159.50.147,192.168.10.5,202305040139,14,14,28,0,22,1,1.081972,0.0,1028,52,0.96942,0.000144,699,52,1
146.190.65.27,192.168.10.5,202305040139,12,13,25,0,22,1,1.174313,0.000275,1028,52,0.972249,0.000921,699,52,1
35.207.209.4,192.168.10.5,202305040139,12,14,26,0,22,1,1.15945,1e-06,1028,52,0.971793,0.000348,699,52,1
185.239.84.176,192.168.10.5,202305040139,1,6,7,0,22,1,-10000,-10000,52,52,16.240138,1.021071,52,52,1
82.156.219.196,192.168.10.5,202305040140,2,2,4,0,6379,1,1.241059,1.241059,60,40,1.028521,1.028521,60,60,1
49.145.195.202,192.168.10.5,202305040140,7,4,11,0,5555,1,0.084056,0.0,76,52,0.084824,0.000674,199,52,1
95.167.178.44,192.168.10.5,202305040140,12,14,26,0,22,1,1.363777,0.001227,1028,52,0.973122,0.000344,699,52,1
178.128.110.5,192.168.10.5,202305040140,12,14,26,0,22,1,1.092294,0.0,1028,52,0.970116,0.0004,699,52,1
107.170.247.18,192.168.10.5,202305040139,1,6,7,0,49152,1,-10000,-10000,44,44,16.240086,1.018781,44,44,1
80.66.77.236,192.168.10.5,202305040140,5,5,10,0,9090,1,1.308876,0.0,142,52,1.008902,1e-06,60,52,1
45.134.144.235,192.168.10.5,202305040140,3,1,4,0,5038,1,0.212979,0.005664,44,40,-10000,-10000,44,44,1
31.43.185.32,192.168.10.5,202305040140,4,3,7,0,3389,1,0.361063,0.0,84,40,0.274949,0.08016,59,40,1
103.162.36.21,192.168.10.5,202305040140,8,6,14,0,3389,1,27.223066,0.0,83,40,27.333796,0.025632,59,40,1
198.199.94.11,192.168.10.5,202305040140,5,5,10,0,50070,1,1.128853,0.000187,77,52,1.008705,0.0,60,52,1
46.101.62.196,192.168.10.5,202305040140,12,14,26,0,22,1,1.242531,0.0,1028,52,0.972069,0.000283,699,52,1
137.220.228.88,192.168.10.5,202305040140,30,30,60,0,12544,1,1.040811,0.0,322,52,1.016703,0.0,60,52,1
165.22.210.239,192.168.10.5,202305040140,12,13,25,0,22,1,1.126071,0.000262,1028,52,0.972342,0.001111,699,52,1
167.248.133.130,192.168.10.5,202305040141,2,1,3,0,51200,1,0.142649,0.142649,44,40,-10000,-10000,44,44,1
167.248.133.50,192.168.10.5,202305040141,14,9,23,0,51200,1,1.152638,0.0,295,40,1.14747,0.0,60,52,1
146.190.65.27,192.168.10.5,202305040141,12,13,25,0,22,1,1.162971,1e-06,1028,52,0.970996,0.001166,699,52,1
162.142.125.160,192.168.10.5,202305040141,2,1,3,0,51200,1,0.14271,0.14271,60,40,-10000,-10000,60,60,1
35.207.209.4,192.168.10.5,202305040141,12,14,26,0,22,1,1.158565,1e-06,1028,52,0.970253,0.000246,699,52,1
95.167.178.44,192.168.10.5,202305040141,12,14,26,0,22,1,1.347316,0.001261,1028,52,0.969115,0.000399,699,52,1
183.136.225.9,192.168.10.5,202305040140,8,11,19,0,7000,1,15.575884,1e-06,227,40,8.249064,0.0,60,44,1
179.43.177.243,192.168.10.5,202305040141,7,6,13,0,9001,1,1.264734,0.0,60,40,1.00777,0.0,60,44,1
118.68.171.32,192.168.10.5,202305040141,4,3,7,0,3389,1,0.139095,0.001266,83,40,0.09787,0.042005,59,40,1
178.128.110.5,192.168.10.5,202305040141,12,14,26,0,22,1,1.09363,0.000106,1028,52,0.973226,0.0,699,52,1
172.105.231.31,192.168.10.5,202305040141,1,0,0,1,21061,1,-10000,-10000,53,53,-10000,-10000,-10000,-10000,1
162.216.149.16,192.168.10.5,202305040140,8,6,14,0,1389,1,50.63559,0.0,66,40,50.804037,1e-06,60,44,1
42.242.204.91,192.168.10.5,202305040141,5,5,10,0,54321,1,1.245476,0.000644,381,40,1.008362,0.0,52,40,1
103.162.29.14,192.168.10.5,202305040141,1,6,7,0,5555,1,-10000,-10000,44,44,16.240146,1.014341,44,44,1
64.225.74.178,192.168.10.5,202305040141,29,23,52,0,9761,2,8.687328,1e-06,303,52,8.688102,0.0,60,52,1
123.30.149.76,192.168.10.5,202305040141,12,13,25,0,22,1,1.085809,0.000353,1028,52,0.972144,0.001086,699,52,1
5.39.216.130,192.168.10.5,202305040140,7,3,10,0,5606,3,43.239668,0.002031,44,40,43.507123,12.449968,44,40,1
109.205.213.30,192.168.10.5,202305040141,11,7,18,0,80,1,15.013944,0.0,92,40,15.179658,0.0,1956,44,1
144.24.157.134,192.168.10.5,202305040141,2,1,3,0,443,1,0.118808,0.118808,44,40,-10000,-10000,44,44,1
64.226.91.17,192.168.10.5,202305040141,12,13,25,0,22,1,1.269303,1e-06,1028,52,0.970407,0.0011,699,52,1
103.162.36.21,192.168.10.5,202305040142,4,3,7,0,3389,1,0.133712,0.000866,83,40,0.091487,0.041159,59,40,1
223.13.83.110,192.168.10.5,202305040141,1,6,7,0,23,1,-10000,-10000,44,44,16.240126,1.021453,44,44,1
165.22.210.239,192.168.10.5,202305040142,12,13,25,0,22,1,1.132261,0.000388,1028,52,0.974148,0.001319,699,52,1
46.101.62.196,192.168.10.5,202305040142,12,13,25,0,22,1,1.246689,1e-06,1028,52,0.972574,0.001065,699,52,1
146.190.65.27,192.168.10.5,202305040142,12,14,26,0,22,1,1.169833,1e-06,1028,52,0.971708,0.0,699,52,1
95.167.178.44,192.168.10.5,202305040142,12,15,27,0,22,1,1.369115,0.001226,1028,52,0.972536,0.000346,676,52,1
38.142.129.18,192.168.10.5,202305040142,4,3,7,0,3389,1,0.21957,0.0,83,40,0.181927,0.036063,59,40,1
35.203.211.150,192.168.10.5,202305040142,4,4,8,0,11756,1,1.496591,0.0,44,44,1.498804,0.0,44,40,1
35.207.209.4,192.168.10.5,202305040142,12,13,25,0,22,1,1.158074,0.0,1028,52,0.972651,0.000796,699,52,1
91.239.97.29,192.168.10.5,202305040142,2,1,3,0,4987,1,0.249883,0.249883,44,40,-10000,-10000,44,44,1
27.124.5.22,192.168.10.5,202305040142,29,29,58,0,12538,1,1.082279,0.0,322,52,1.064243,0.0,60,52,1
121.125.116.188,192.168.10.5,202305040142,6,6,12,0,4983,1,1.134603,0.003649,108,40,1.008083,0.0,52,40,1
178.128.110.5,192.168.10.5,202305040142,12,13,25,0,22,1,1.087011,0.0,1028,52,0.970875,0.001051,699,52,1
108.188.136.130,192.168.10.5,202305040142,7,6,13,0,81,1,0.202366,0.0,222,40,0.201999,0.000641,341,40,1
36.238.156.68,192.168.10.5,202305040143,8,6,14,0,56575,1,2.012751,0.035746,89,40,2.097618,0.0,52,40,1
183.136.225.9,192.168.10.5,202305040143,1,1,2,0,102,1,-10000,-10000,44,44,-10000,-10000,40,40,1
110.180.181.248,192.168.10.5,202305040142,6,3,9,0,23,1,21.199182,0.214581,60,40,0.45372,0.226582,60,44,1
64.226.91.17,192.168.10.5,202305040143,12,13,25,0,22,1,1.26909,1e-06,1028,52,0.96918,0.001079,699,52,1
159.203.165.156,192.168.10.5,202305040143,4,4,8,0,24133,1,1.181765,1e-06,44,40,1.170983,0.0,44,40,1
94.102.61.54,192.168.10.5,202305040142,7,11,18,0,8577,1,65.602463,1e-06,259,44,33.798884,0.0,60,44,1
146.190.65.27,192.168.10.5,202305040143,12,14,26,0,22,1,1.171909,0.000112,1028,52,0.9715,0.000143,699,52,1
165.22.210.239,192.168.10.5,202305040143,12,13,25,0,22,1,1.126652,0.0,1028,52,0.972149,0.001089,699,52,1
123.30.149.76,192.168.10.5,202305040143,12,13,25,0,22,1,1.088832,0.0,1028,52,0.97213,0.001234,699,52,1
95.167.178.44,192.168.10.5,202305040143,12,15,27,0,22,1,1.360823,0.001464,1028,52,0.970751,0.00014,676,52,1
107.170.247.18,192.168.10.5,202305040143,6,5,11,0,49152,1,1.128421,0.000298,166,52,1.00781,1e-06,60,52,1
146.88.240.4,192.168.10.5,202305040143,1,1,0,2,623,1,-10000,-10000,51,51,-10000,-10000,58,58,1
103.162.36.21,192.168.10.5,202305040143,8,6,14,0,3389,1,27.402032,0.0,83,40,27.496391,0.02934,59,40,1
162.243.147.13,192.168.10.5,202305040143,1,1,2,0,162,1,-10000,-10000,44,44,-10000,-10000,40,40,1
46.101.62.196,192.168.10.5,202305040143,12,14,26,0,22,1,1.245837,0.0,1028,52,0.974478,0.0001,699,52,1
46.246.106.40,192.168.10.5,202305040143,5,5,10,0,9443,1,1.387513,0.0,569,52,1.007579,0.0,60,52,1
64.225.74.178,192.168.10.5,202305040143,6,5,11,0,9999,1,6.014075,0.040588,89,52,6.295847,1e-06,60,52,1
205.210.31.237,192.168.10.5,202305040144,1,0,0,1,427,1,-10000,-10000,57,57,-10000,-10000,-10000,-10000,1
64.226.91.17,192.168.10.5,202305040144,12,13,25,0,22,1,1.268127,0.0,1028,52,0.972344,0.001041,699,52,1
2.57.121.229,192.168.10.5,202305040144,2,1,3,0,22,1,0.273776,0.273776,44,40,-10000,-10000,44,44,1
94.102.61.44,192.168.10.5,202305040144,6,11,17,0,9060,1,17.561495,0.0,259,44,12.72454,1e-06,60,44,1
95.167.178.44,192.168.10.5,202305040144,12,15,27,0,22,1,1.371216,0.000889,1028,52,0.970289,4.8e-05,676,52,1
146.190.65.27,192.168.10.5,202305040144,12,13,25,0,22,1,1.163018,0.000242,1028,52,0.971432,0.000891,699,52,1
162.216.150.124,192.168.10.5,202305040144,7,6,13,0,27001,1,47.934123,0.0,77,40,48.102952,0.0,60,44,1
60.49.23.66,192.168.10.5,202305040144,4,3,7,0,3389,1,0.181714,0.000596,83,40,0.09214,0.085372,59,40,1
159.65.153.54,192.168.10.5,202305040145,2,1,3,0,7345,1,0.171018,0.171018,44,40,-10000,-10000,44,44,1
123.30.149.76,192.168.10.5,202305040145,12,14,26,0,22,1,1.085862,4.8e-05,1028,52,0.970574,4.8e-05,699,52,1
46.101.62.196,192.168.10.5,202305040145,12,14,26,0,22,1,1.248505,0.0,1028,52,0.970537,0.0001,699,52,1
121.125.116.188,192.168.10.5,202305040145,8,9,17,0,4983,1,1.339075,0.023843,614,40,1.011991,1e-06,52,40,1
157.230.113.241,192.168.10.5,202305040145,3,2,5,0,43622,1,0.260329,0.003576,44,40,0.263311,0.263311,44,40,1
121.231.133.142,192.168.10.5,202305040145,1,6,7,0,23,1,-10000,-10000,44,44,16.240336,1.02908,44,44,1
124.223.169.131,192.168.10.5,202305040145,5,6,11,0,5900,1,0.699476,0.0,64,52,0.52547,0.001192,64,52,1
124.222.197.135,192.168.10.5,202305040145,5,5,10,0,5900,1,0.173966,0.0,64,52,0.172543,0.001836,64,52,1
193.163.125.142,192.168.10.5,202305040145,2,1,3,0,2084,1,0.250842,0.250842,44,40,-10000,-10000,44,44,1
77.137.0.135,192.168.10.5,202305040145,2,1,3,0,56575,1,0.311312,0.311312,44,40,-10000,-10000,44,44,1
146.190.65.27,192.168.10.5,202305040145,12,13,25,0,22,1,1.170407,0.000347,1028,52,0.971945,0.001146,699,52,1
142.93.115.5,192.168.10.5,202305040145,23,16,39,0,80,1,10.25534,0.0,164,52,10.407227,0.0,1956,52,1
183.56.229.134,192.168.10.5,202305040146,3,3,6,0,3389,1,0.402447,0.291637,83,40,0.291636,0.11227,59,40,1
104.28.206.113,192.168.10.5,202305040146,16,15,31,0,22,1,1.062278,0.000913,1028,52,0.974325,0.00116,676,52,1
64.225.74.178,192.168.10.5,202305040146,5,4,9,0,17000,1,3.199681,0.041674,60,52,3.500618,0.0,60,52,1
45.120.69.147,192.168.10.5,202305040146,12,13,25,0,22,1,1.05607,0.000286,1028,52,0.968076,0.000689,699,52,1
5.39.216.130,192.168.10.5,202305040145,12,4,16,0,50100,4,56.887912,0.0,44,40,57.150288,2.236071,44,44,1
201.138.181.147,192.168.10.5,202305040145,9,5,14,0,445,1,51.732836,0.006353,180,40,52.751145,0.00618,221,40,1
170.106.115.253,192.168.10.5,202305040146,17,14,31,0,8839,1,9.998085,0.000296,295,40,10.119075,1e-06,60,52,1
201.138.180.207,192.168.10.5,202305040146,5,4,9,0,445,1,0.345278,0.001319,180,40,0.28559,0.00874,221,40,1
103.162.36.21,192.168.10.5,202305040145,12,9,21,0,3389,1,36.406148,0.0,83,40,36.506716,0.021262,59,40,1
183.136.225.9,192.168.10.5,202305040145,18,33,51,0,8006,1,8.016927,0.303955,60,40,16.239732,0.073734,60,44,1
35.203.211.135,192.168.10.5,202305040146,7,6,13,0,10399,1,49.717849,0.000626,84,40,49.941324,0.0,60,44,1
146.190.65.27,192.168.10.5,202305040147,12,14,26,0,22,1,1.162991,0.0,1028,52,0.970659,0.000398,699,52,1
64.62.197.193,192.168.10.5,202305040147,1,1,2,0,444,1,-10000,-10000,44,44,-10000,-10000,40,40,1
162.216.150.37,192.168.10.5,202305040147,4,4,8,0,48986,1,1.25238,0.0,44,44,1.218685,0.0,44,40,1
123.30.149.76,192.168.10.5,202305040147,12,14,26,0,22,1,1.11924,0.0,1028,52,0.968765,0.000494,699,52,1
162.216.150.140,192.168.10.5,202305040147,1,1,2,0,425,1,-10000,-10000,44,44,-10000,-10000,40,40,1
64.226.91.17,192.168.10.5,202305040145,114,148,262,0,22,1,64.522391,0.0,1028,40,64.792901,4.9e-05,804,52,1
118.68.171.32,192.168.10.5,202305040147,4,3,7,0,3389,1,0.14355,0.000622,83,40,0.100088,0.042549,59,40,1
45.33.87.154,192.168.10.5,202305040147,4,4,8,0,9999,1,1.311006,0.331865,44,40,1.34093,1e-06,44,40,1
201.138.181.147,192.168.10.5,202305040147,1,0,1,0,445,1,-10000,-10000,40,40,-10000,-10000,-10000,-10000,1
201.138.180.207,192.168.10.5,202305040147,1,0,1,0,445,1,-10000,-10000,40,40,-10000,-10000,-10000,-10000,1
104.28.238.113,192.168.10.5,202305040147,15,15,30,0,22,1,1.061392,0.001189,1028,52,0.971956,9.4e-05,676,52,1
64.225.74.178,192.168.10.5,202305040147,12,10,22,0,9595,1,1.265705,0.01126,303,52,1.378508,0.0,60,52,1
95.214.55.85,192.168.10.5,202305040148,2,1,3,0,8081,1,0.273476,0.273476,44,40,-10000,-10000,44,44,1
198.235.24.214,192.168.10.5,202305040147,16,13,29,0,445,1,44.279184,0.0,228,40,44.508547,0.0,141,44,1
121.125.116.188,192.168.10.5,202305040148,6,6,12,0,4983,1,1.136523,0.015497,108,40,1.008287,4.5e-05,52,40,1
146.190.65.27,192.168.10.5,202305040148,12,13,25,0,22,1,1.172488,0.0,1028,52,0.974202,0.000554,699,52,1
192.241.225.20,192.168.10.5,202305040148,1,6,7,0,10000,1,-10000,-10000,44,44,16.24018,1.023517,44,44,1
64.226.91.17,192.168.10.5,202305040148,12,14,26,0,22,1,1.274647,0.000528,1028,52,0.970246,0.0,699,52,1
5.39.216.130,192.168.10.5,202305040148,9,3,12,0,6543,3,36.454875,0.001053,44,40,36.716365,16.049286,44,44,1
95.167.178.44,192.168.10.5,202305040145,48,57,105,0,22,1,62.33556,0.0,1028,52,62.674006,4.3e-05,699,52,1
35.203.211.73,192.168.10.5,202305040148,8,8,16,0,5900,1,48.748093,0.0,259,40,48.970078,0.0,64,40,1
35.203.210.103,192.168.10.5,202305040147,20,20,40,0,3388,1,58.473497,0.0,464,40,58.697967,0.0,60,40,1
123.30.149.76,192.168.10.5,202305040149,12,13,25,0,22,1,1.084365,9.8e-05,1028,52,0.973859,0.001022,699,52,1
192.161.70.253,192.168.10.5,202305040146,27,137,164,0,80,2,73.425462,0.000964,52,52,41.825012,0.0,52,44,1
35.203.210.189,192.168.10.5,202305040148,6,5,11,0,3021,1,53.724126,0.000923,60,40,53.947651,0.0,60,44,1
45.79.116.95,192.168.10.5,202305040149,3,1,4,0,8004,1,0.156689,0.004788,44,40,-10000,-10000,44,44,1
104.237.62.211,192.168.10.5,202305040149,11,13,24,0,38246,1,0.11999,0.0,2628,52,0.112107,0.0,575,40,1
115.96.116.152,192.168.10.5,202305040148,1,6,7,0,23,1,-10000,-10000,44,44,16.240174,1.011452,44,44,1
164.92.192.25,192.168.10.5,202305040149,10,8,18,0,8004,1,1.284332,0.000651,291,52,1.008404,0.0,60,52,1
80.66.77.236,192.168.10.5,202305040149,2,1,3,0,9000,1,0.303555,0.303555,44,40,-10000,-10000,44,44,1
146.190.65.27,192.168.10.5,202305040149,12,13,25,0,22,1,1.182903,0.000327,1028,52,0.97191,0.000625,699,52,1
104.28.238.113,192.168.10.5,202305040149,15,15,30,0,22,1,1.059663,0.001297,1028,52,0.970037,0.0004,676,52,1
59.29.239.109,192.168.10.5,202305040149,5,5,10,0,5900,1,0.048909,0.0,64,52,0.047382,0.001405,64,52,1
64.226.91.17,192.168.10.5,202305040149,12,13,25,0,22,1,1.263326,0.0,1028,52,0.972823,0.001394,699,52,1
103.162.36.21,192.168.10.5,202305040149,12,9,21,0,3389,1,26.485583,9e-05,83,40,26.578599,0.000999,59,40,1
162.216.149.133,192.168.10.5,202305040149,8,7,15,0,47833,1,47.396895,0.000113,259,40,47.564164,1e-06,60,44,1
110.180.177.128,192.168.10.5,202305040150,2,2,4,0,23,1,1.25862,1.25862,44,40,1.034193,1.034193,44,44,1
192.168.3.117,172.29.148.192,202305040148,20,0,20,0,55443,1,12.864186,1.000772,60,60,-10000,-10000,-10000,-10000,0
185.224.128.17,192.168.10.5,202305040150,17,16,33,0,4145,1,1.240087,0.0,134,40,0.997969,0.0,60,44,1
222.187.49.131,192.168.10.5,202305040150,3,2,5,0,31745,1,0.211205,0.002596,44,40,0.213118,0.213118,44,40,1
45.120.69.147,192.168.10.5,202305040150,12,13,25,0,22,1,1.05875,0.0,1028,52,0.970502,0.00087,699,52,1
192.241.225.20,192.168.10.5,202305040150,6,5,11,0,10000,1,1.123931,0.0,166,52,1.008905,0.0,60,52,1
146.190.65.27,192.168.10.5,202305040150,14,15,29,0,22,1,1.165545,0.0,1028,52,0.972817,0.0,676,52,1
172.176.209.26,192.168.10.5,202305040150,6,5,11,0,80,1,0.224048,0.002315,182,40,0.217182,0.0,1944,40,1
5.39.216.130,192.168.10.5,202305040150,6,2,8,0,7171,2,45.373775,0.000927,44,40,45.631505,45.631505,44,44,1
35.203.211.232,192.168.10.5,202305040150,4,4,8,0,13056,1,1.508694,0.0,44,44,1.453144,0.0,44,40,1
123.30.149.76,192.168.10.5,202305040151,12,13,25,0,22,1,1.089628,0.0,1028,52,0.973205,0.001147,699,52,1
64.226.91.17,192.168.10.5,202305040151,12,13,25,0,22,1,1.269601,0.0,1028,52,0.973782,0.001266,699,52,1
95.167.178.44,192.168.10.5,202305040150,24,28,52,0,22,1,62.976158,0.000896,1028,52,63.346287,1e-06,699,52,1
35.203.210.66,192.168.10.5,202305040150,8,6,14,0,9275,1,48.768216,6.9e-05,377,40,48.993243,0.0,60,44,1
103.22.202.18,192.168.10.5,202305040151,14,14,28,0,22,1,1.085212,0.0,1028,52,0.970795,0.000944,699,52,1
104.28.238.113,192.168.10.5,202305040151,15,14,29,0,22,1,1.059756,0.000586,1028,52,0.972046,0.000984,676,52,1
104.28.206.113,192.168.10.5,202305040151,104,96,200,0,22,1,2.905978,0.000614,1028,52,2.905853,0.001297,788,52,1
162.216.149.201,192.168.10.5,202305040150,8,6,14,0,9050,1,48.6921,0.0,377,40,48.8603,0.0,60,44,1
167.248.133.142,192.168.10.5,202305040151,2,1,3,0,5902,1,0.132924,0.132924,44,40,-10000,-10000,44,44,1
35.203.210.152,192.168.10.5,202305040151,4,4,8,0,43371,1,1.315293,1e-06,44,44,1.461691,0.0,44,40,1
167.248.133.35,192.168.10.5,202305040151,14,10,24,0,5902,1,1.149918,0.0,295,40,1.13793,0.0,60,40,1
162.142.125.160,192.168.10.5,202305040152,2,1,3,0,5902,1,0.157067,0.157067,60,40,-10000,-10000,60,60,1
146.190.65.27,192.168.10.5,202305040152,12,13,25,0,22,1,1.164369,0.0,1028,52,0.970068,0.001017,699,52,1
121.125.116.188,192.168.10.5,202305040152,5,5,10,0,4983,1,1.080115,0.049758,519,40,1.007731,1e-06,52,40,1
107.170.246.13,192.168.10.5,202305040152,1,1,2,0,179,1,-10000,-10000,44,44,-10000,-10000,40,40,1
64.226.91.17,192.168.10.5,202305040152,12,13,25,0,22,1,1.276759,0.0,1028,52,0.971913,0.001369,699,52,1
95.167.178.44,192.168.10.5,202305040152,12,13,25,0,22,1,1.38611,0.000593,1028,52,0.970447,0.00109,699,52,1
99.227.136.218,192.168.10.5,202305040152,5,5,10,0,4983,1,1.178515,0.005937,108,40,1.008801,1e-06,52,40,1
123.30.149.76,192.168.10.5,202305040152,12,14,26,0,22,1,1.118007,0.0,1028,52,0.971822,0.001165,699,52,1
45.120.69.147,192.168.10.5,202305040152,90,122,212,0,22,1,1.055772,0.0,1028,52,0.974001,0.000303,788,52,1
104.28.206.113,192.168.10.5,202305040153,15,14,29,0,22,1,1.059576,0.000627,1028,52,0.971779,0.001327,676,52,1
146.190.65.27,192.168.10.5,202305040153,12,14,26,0,22,1,1.173095,1e-06,1028,52,0.972747,0.000198,699,52,1
103.162.36.21,192.168.10.5,202305040152,12,9,21,0,3389,1,28.168825,0.000639,83,40,28.259579,0.042004,59,40,1
64.226.91.17,192.168.10.5,202305040153,12,14,26,0,22,1,1.269622,0.00034,1028,52,0.969956,1e-06,699,52,1
95.167.178.44,192.168.10.5,202305040153,12,15,27,0,22,1,1.369454,0.000878,1028,52,0.971461,0.0001,676,52,1
35.203.210.46,192.168.10.5,202305040153,4,4,8,0,39784,1,1.26039,0.0,44,44,1.541105,1e-06,44,40,1
167.248.133.163,192.168.10.5,202305040153,2,1,3,0,11002,1,0.139956,0.139956,44,40,-10000,-10000,44,44,1
167.248.133.49,192.168.10.5,202305040153,13,9,22,0,11002,1,1.149252,0.0,295,52,1.153553,0.0,60,52,1
162.216.150.55,192.168.10.5,202305040153,4,4,8,0,13159,1,1.18204,0.0,44,44,1.339309,0.0,44,40,1
198.199.119.36,192.168.10.5,202305040153,1,6,7,0,55554,1,-10000,-10000,44,44,16.24051,1.029824,44,44,1
162.142.125.249,192.168.10.5,202305040153,2,1,3,0,40680,1,0.148371,0.148371,44,40,-10000,-10000,44,44,1
64.225.74.178,192.168.10.5,202305040153,17,14,31,0,11300,2,12.578653,0.026458,301,52,12.579638,0.0,60,52,1
139.59.86.114,192.168.10.5,202305040153,3,2,5,0,57022,1,0.116163,0.00352,44,40,0.119105,0.119105,44,40,1
162.142.125.160,192.168.10.5,202305040153,4,2,6,0,11002,2,15.73272,0.141463,60,40,15.874184,15.874184,60,60,1
162.142.125.223,192.168.10.5,202305040153,14,10,24,0,40680,1,1.157228,0.0,295,40,1.151927,0.0,60,40,1
192.168.10.4,192.168.10.5,202305040153,36,13,49,0,64297,1,5.037577,-1.1e-05,575,52,5.037611,0.0,3876,40,1
183.56.229.134,192.168.10.5,202305040153,4,3,7,0,3389,1,0.355081,1e-06,83,40,0.294088,0.064398,59,40,1
192.241.215.21,192.168.10.5,202305040153,1,6,7,0,28518,1,-10000,-10000,44,44,16.240171,1.029755,44,44,1
118.68.171.32,192.168.10.5,202305040153,4,3,7,0,3389,1,0.178499,0.0,83,40,0.095001,0.083016,59,40,1
5.39.216.130,192.168.10.5,202305040153,6,2,8,0,8649,2,54.882284,0.0,44,40,55.139262,55.139262,44,44,1
146.190.65.27,192.168.10.5,202305040154,12,14,26,0,22,1,1.167753,6.3e-05,1028,52,0.972147,0.000147,699,52,1
71.6.158.166,192.168.10.5,202305040154,19,15,34,0,5900,1,3.495535,1e-06,303,52,3.65556,0.000115,64,52,1
78.142.18.220,192.168.10.5,202305040154,2,1,3,0,23,1,0.248699,0.248699,44,40,-10000,-10000,44,44,1
64.226.91.17,192.168.10.5,202305040154,12,13,25,0,22,1,1.26752,0.0,1028,52,0.972048,0.001099,699,52,1
162.216.150.158,192.168.10.5,202305040153,8,6,14,0,45884,1,48.208264,0.002322,259,40,48.378134,0.0,60,44,1
35.203.211.24,192.168.10.5,202305040153,8,6,14,0,9543,1,47.313385,0.0,377,40,47.53678,0.0,60,44,1
193.142.146.214,192.168.10.5,202305040154,8,6,14,0,23,1,0.286291,0.0,60,40,0.269319,0.000601,76,44,1
123.30.149.76,192.168.10.5,202305040154,12,13,25,0,22,1,1.079871,0.0,1028,52,0.973981,0.001275,699,52,1
152.32.181.13,192.168.10.5,202305040154,2,1,3,0,9009,1,0.199594,0.199594,44,40,-10000,-10000,44,44,1
104.28.206.113,192.168.10.5,202305040155,15,15,30,0,22,1,1.059333,0.001262,1028,52,0.967056,0.000798,676,52,1
104.28.238.113,192.168.10.5,202305040155,122,114,236,0,22,1,1.389381,0.000338,1028,52,1.395715,0.001072,788,52,1
35.203.210.146,192.168.10.5,202305040154,8,6,14,0,9165,1,49.225482,0.0,377,40,49.446866,0.0,60,44,1
45.120.69.147,192.168.10.5,202305040155,12,14,26,0,22,1,1.054457,0.0,1028,52,0.974191,9.8e-05,699,52,1
109.191.117.83,192.168.10.5,202305040155,17,14,31,0,22,1,1.319126,0.074751,916,52,0.97005,0.001131,676,52,1
95.167.178.44,192.168.10.5,202305040154,24,28,52,0,22,1,62.803873,0.0,1028,52,63.163896,0.0,699,52,1
146.190.65.27,192.168.10.5,202305040155,12,14,26,0,22,1,1.166538,0.0,1028,52,0.969938,0.000296,699,52,1
179.43.163.111,192.168.10.5,202305040155,19,11,30,0,22,1,14.138924,0.0,1412,40,14.402649,0.000647,676,44,1
64.226.91.17,192.168.10.5,202305040155,12,14,26,0,22,1,1.27114,0.000104,1028,52,0.973383,0.000298,699,52,1
146.88.241.150,192.168.10.5,202305040155,1,0,0,1,27962,1,-10000,-10000,42,42,-10000,-10000,-10000,-10000,1
146.88.241.110,192.168.10.5,202305040155,1,0,0,1,27018,1,-10000,-10000,53,53,-10000,-10000,-10000,-10000,1
146.88.241.120,192.168.10.5,202305040155,1,0,0,1,3389,1,-10000,-10000,44,44,-10000,-10000,-10000,-10000,1
146.88.241.30,192.168.10.5,202305040156,1,0,0,1,17,1,-10000,-10000,28,28,-10000,-10000,-10000,-10000,1
146.88.241.50,192.168.10.5,202305040156,1,0,0,1,27961,1,-10000,-10000,42,42,-10000,-10000,-10000,-10000,1
8.209.68.21,192.168.10.5,202305040156,10,6,16,0,443,1,0.246361,0.0,569,52,0.430462,0.002625,1487,52,1
8.142.0.57,192.168.10.5,202305040155,1,6,7,0,22,1,-10000,-10000,44,44,16.240121,1.038331,44,44,1
89.248.165.59,192.168.10.5,202305040156,3,1,4,0,15555,1,0.241729,0.043063,44,40,-10000,-10000,44,44,1
8.141.144.98,192.168.10.5,202305040156,7,3,10,0,6379,1,0.106943,0.0,66,40,0.108626,0.0,60,40,1
193.142.146.214,192.168.10.5,202305040156,1,1,2,0,23,1,-10000,-10000,52,52,-10000,-10000,52,52,1
123.30.149.76,192.168.10.5,202305040156,12,14,26,0,22,1,1.088725,0.000102,1028,52,0.971767,0.000248,699,52,1
95.167.178.44,192.168.10.5,202305040156,12,14,26,0,22,1,1.3668,0.000232,1028,52,0.972001,0.000632,676,52,1
104.28.206.113,192.168.10.5,202305040156,16,15,31,0,22,1,1.059897,0.00123,1028,52,0.97259,0.001129,676,52,1
146.190.65.27,192.168.10.5,202305040156,12,14,26,0,22,1,1.173353,0.0,1028,52,0.97256,0.000248,699,52,1
5.39.216.130,192.168.10.5,202305040155,15,5,20,0,5080,5,25.518498,0.000924,44,40,25.783791,14.713132,44,44,1
64.226.91.17,192.168.10.5,202305040157,13,15,28,0,22,1,1.268768,0.0,1028,40,0.971594,0.000551,699,52,1
192.168.3.118,172.29.148.192,202305040155,20,0,20,0,55443,1,12.844628,1.007495,60,60,-10000,-10000,-10000,-10000,0
103.162.36.21,192.168.10.5,202305040155,12,9,21,0,3389,1,47.092668,0.0,83,40,47.185663,0.022187,59,40,1
138.201.196.17,192.168.10.5,202305040156,5,8,13,0,80,2,0.256192,0.06765,52,40,16.240322,0.06765,52,52,1
45.120.69.147,192.168.10.5,202305040157,12,13,25,0,22,1,1.054289,0.000578,1028,52,0.971822,0.000839,699,52,1
198.199.119.36,192.168.10.5,202305040158,5,5,10,0,55554,1,1.131717,0.0,77,52,1.009002,0.0,60,52,1
162.142.125.137,192.168.10.5,202305040158,2,1,3,0,8088,1,0.136737,0.136737,44,40,-10000,-10000,44,44,1
162.142.125.217,192.168.10.5,202305040158,8,5,13,0,8088,1,1.164708,0.0,94,52,1.156713,9.6e-05,60,52,1
162.142.125.160,192.168.10.5,202305040158,2,1,3,0,8088,1,0.155464,0.155464,60,40,-10000,-10000,60,60,1
64.226.91.17,192.168.10.5,202305040158,12,13,25,0,22,1,1.275582,0.000117,1028,52,0.972996,0.001041,699,52,1
194.110.203.86,192.168.10.5,202305040158,6,6,12,0,1411,1,1.888588,0.0,87,40,1.009183,0.0,52,40,1
192.241.215.21,192.168.10.5,202305040158,6,5,11,0,28518,1,1.126882,0.000961,166,52,1.008574,0.0,60,52,1
99.227.136.218,192.168.10.5,202305040158,5,5,10,0,4983,1,1.186834,0.008319,381,40,1.015091,0.0,52,40,1
104.28.238.113,192.168.10.5,202305040158,14,15,29,0,22,1,1.06022,0.002711,1028,52,0.971683,0.001064,676,52,1
123.30.149.76,192.168.10.5,202305040158,12,13,25,0,22,1,1.083098,0.0,1028,52,0.972386,0.001148,699,52,1
124.235.107.59,192.168.10.5,202305040158,2,7,9,0,23,1,0.20464,0.20464,44,44,16.240139,0.20448,44,44,1
163.172.218.183,192.168.10.5,202305040158,1,0,0,1,5070,1,-10000,-10000,443,443,-10000,-10000,-10000,-10000,1
64.225.74.178,192.168.10.5,202305040158,6,5,11,0,5672,1,3.524645,0.010688,60,52,3.821566,0.0,60,52,1
