address,partner,date,rcv_packet_count,snd_packet_count,tcp_count,udp_count,most_port,port_count,rcv_max_int,rcv_min_int,rcv_max_len,rcv_min_len,snd_max_int,snd_min_int,snd_max_len,snd_min_len,label
94.102.49.190,192.168.10.5,202304201858,31,27,58,0,7071,1,10.712491,5.5e-05,311,40,10.712491,0.0,60,44,1
121.36.195.121,192.168.10.5,202304201859,6,6,12,0,5900,1,0.452833,1e-06,64,52,0.452972,0.001141,64,52,1
107.170.251.15,192.168.10.5,202304201859,5,5,10,0,6066,1,1.124971,0.000921,76,52,1.008119,0.000107,60,52,1
208.67.106.106,192.168.10.5,202304201859,5,5,10,0,9097,1,1.244948,0.003792,85,40,1.007943,0.0,52,40,1
159.65.127.62,192.168.10.5,202304201859,2,1,3,0,30022,1,0.28425,0.28425,44,40,-10000,-10000,44,44,1
104.248.81.55,192.168.10.5,202304201859,2,1,3,0,22,1,0.232944,0.232944,44,40,-10000,-10000,44,44,1
35.216.166.62,192.168.10.5,202304201859,2,1,3,0,9200,1,0.241517,0.241517,44,40,-10000,-10000,44,44,1
194.55.224.75,192.168.10.5,202304201859,3,1,4,0,465,1,0.255884,0.001958,44,40,-10000,-10000,44,44,1
62.204.41.80,192.168.10.5,202304201859,3,1,4,0,1114,1,0.285703,0.000632,44,40,-10000,-10000,44,44,1
35.203.211.238,192.168.10.5,202304201859,8,6,14,0,9171,1,49.858028,0.0,377,40,50.081857,0.0,60,44,1
35.216.190.48,192.168.10.5,202304201859,14,10,24,0,9200,1,10.005944,0.0,295,52,10.005945,1.7e-05,574,52,1
35.203.210.172,192.168.10.5,202304201859,8,6,14,0,8850,1,43.022337,0.0,377,40,43.244495,0.0,60,44,1
158.220.109.144,192.168.10.5,202304201859,1,1,2,0,259,1,-10000,-10000,44,44,-10000,-10000,40,40,1
183.255.49.86,192.168.10.5,202304201859,5,7,12,0,5900,1,0.548223,0.0,64,52,0.412706,1e-06,64,52,1
194.165.17.11,192.168.10.5,202304201859,10,8,18,0,5299,2,24.40825,0.0,87,40,24.669606,0.0,52,40,1
36.133.125.177,192.168.10.5,202304201900,5,5,10,0,5900,1,0.141072,0.0,64,52,0.140335,0.000734,64,52,1
2.59.126.121,192.168.10.5,202304201900,16,12,28,0,22,1,1.368746,0.140883,916,52,0.975286,0.001927,676,52,1
178.128.113.53,192.168.10.5,202304201900,2,1,3,0,40032,1,0.09522,0.09522,44,40,-10000,-10000,44,44,1
195.230.103.246,192.168.10.5,202304201900,2,1,3,0,2087,1,0.235774,0.235774,44,40,-10000,-10000,44,44,1
179.60.147.13,192.168.10.5,202304201900,5,4,9,0,4508,1,1.255977,0.0,87,40,1.008827,0.0,52,40,1
61.177.173.36,192.168.10.5,202304201901,14,19,33,0,22,1,0.847518,0.0,908,40,0.615905,0.000295,699,52,1
121.37.176.170,192.168.10.5,202304201901,5,6,11,0,5900,1,0.731773,0.0,64,52,0.559339,0.000581,64,52,1
124.223.57.237,192.168.10.5,202304201901,5,6,11,0,5900,1,0.758728,0.0,64,52,0.579762,0.000633,64,52,1
162.142.125.243,192.168.10.5,202304201901,2,1,3,0,31251,1,0.147412,0.147412,44,40,-10000,-10000,44,44,1
162.142.125.11,192.168.10.5,202304201901,15,11,26,0,31251,1,1.160303,1e-06,295,40,1.151954,0.0,60,52,1
162.142.125.160,192.168.10.5,202304201901,2,1,3,0,31251,1,0.142699,0.142699,60,40,-10000,-10000,60,60,1
182.71.6.166,192.168.10.5,202304201900,20,15,35,0,3389,1,38.343946,0.000297,83,40,38.492571,0.020936,59,40,1
149.56.200.166,192.168.10.5,202304201901,2,1,3,0,31878,1,0.186854,0.186854,44,40,-10000,-10000,44,44,1
179.60.147.13,192.168.10.5,202304201902,5,4,9,0,2500,1,1.2685,0.0,87,40,1.008496,0.0,52,40,1
107.170.225.12,192.168.10.5,202304201902,1,1,2,0,139,1,-10000,-10000,44,44,-10000,-10000,40,40,1
89.248.165.118,192.168.10.5,202304201902,3,1,4,0,1290,1,0.237127,0.049609,44,40,-10000,-10000,44,44,1
125.124.103.150,192.168.10.5,202304201902,5,5,10,0,5900,1,0.177426,4.9e-05,64,52,0.176515,0.001049,64,52,1
77.250.70.21,192.168.10.5,202304201902,4,4,8,0,3389,1,1.433139,0.0,83,40,1.020971,0.027706,59,40,1
147.182.225.86,192.168.10.5,202304201858,188,155,343,0,9091,13,44.061381,0.0,608,52,44.061731,0.0,60,40,1
104.248.81.55,192.168.10.5,202304201901,77,72,149,0,22,1,13.443632,0.0,1012,52,13.702087,0.0,699,52,1
124.222.93.58,192.168.10.5,202304201903,6,6,12,0,5900,1,0.46482,0.0,64,52,0.46482,0.000698,64,52,1
91.240.118.71,192.168.10.5,202304201903,3,1,4,0,9612,1,0.266316,0.003595,44,40,-10000,-10000,44,44,1
134.255.218.127,192.168.10.5,202304201903,4,3,7,0,3389,1,0.31925,0.000291,83,40,0.250088,0.067658,59,40,1
162.216.150.93,192.168.10.5,202304201903,1,1,2,0,422,1,-10000,-10000,44,44,-10000,-10000,40,40,1
159.65.127.62,192.168.10.5,202304201903,4,4,8,0,30022,1,1.264499,1e-06,60,52,1.257616,0.0,60,52,1
89.248.165.104,192.168.10.5,202304201904,3,1,4,0,30004,1,0.230872,0.008039,44,40,-10000,-10000,44,44,1
68.183.85.77,192.168.10.5,202304201904,3,1,4,0,2023,1,0.123903,0.004467,44,40,-10000,-10000,44,44,1
222.254.186.223,192.168.10.5,202304201904,7,4,11,0,37215,1,0.206458,0.0,876,40,0.334814,0.001081,60,44,1
91.191.209.202,192.168.10.5,202304201902,14,11,25,0,4497,3,53.34938,0.0,87,40,53.766702,0.0,52,40,1
162.216.150.69,192.168.10.5,202304201903,7,6,13,0,2022,1,45.589878,0.0,84,40,45.760256,0.0,60,44,1
120.203.25.108,192.168.10.5,202304201904,2,1,3,0,23,1,0.082809,0.082809,44,40,-10000,-10000,44,44,1
89.248.165.14,192.168.10.5,202304201904,20,15,35,0,32493,1,1.24964,0.0,111,40,1.008365,0.0,60,40,1
95.214.27.138,192.168.10.5,202304201904,7,4,11,0,23,1,30.434422,0.152555,60,40,30.681005,0.244948,60,44,1
182.71.6.166,192.168.10.5,202304201903,20,15,35,0,3389,1,39.049384,0.0,83,40,39.204787,0.032194,59,40,1
36.105.100.113,192.168.10.5,202304201905,6,6,12,0,5900,1,1.441489,0.000945,64,52,1.441489,0.000901,64,52,1
149.56.200.166,192.168.10.5,202304201905,5,4,9,0,31878,1,1.174852,0.0,60,52,1.173682,1e-06,60,52,1
43.143.3.213,192.168.10.5,202304201905,4,4,8,0,3389,1,0.779451,0.000939,83,40,0.542946,0.06268,59,40,1
104.248.81.55,192.168.10.5,202304201905,2,1,3,0,22,1,0.247779,0.247779,44,40,-10000,-10000,44,44,1
167.94.146.16,192.168.10.5,202304201905,2,1,3,0,5570,1,0.251103,0.251103,44,40,-10000,-10000,44,44,1
61.177.172.53,192.168.10.5,202304201903,3,13,16,0,22,1,0.20227,0.0,67,52,41.332526,0.0,699,52,1
167.94.146.58,192.168.10.5,202304201905,14,10,24,0,5570,1,1.262995,1e-06,295,40,1.257903,0.0,60,40,1
68.183.85.77,192.168.10.5,202304201905,5,4,9,0,2023,1,1.152295,0.0,60,52,1.14997,0.0,60,52,1
103.91.210.241,192.168.10.5,202304201905,16,88,104,0,80,2,1.57549,0.0001,52,52,10.307093,0.0,52,44,1
194.26.29.152,192.168.10.5,202304201905,3,1,4,0,1703,1,0.286841,0.034299,44,40,-10000,-10000,44,44,1
194.165.17.11,192.168.10.5,202304201904,20,17,37,0,2019,4,38.251365,0.0,87,40,38.518845,0.0,52,40,1
147.182.225.86,192.168.10.5,202304201904,24,20,44,0,7779,2,51.962422,0.000953,303,52,51.962882,0.0,60,52,1
115.223.67.146,192.168.10.5,202304201905,4,2,6,0,23,1,0.175596,0.007556,44,40,0.00765,0.00765,44,44,1
212.87.204.170,192.168.10.5,202304201905,18,15,33,0,25,1,0.293608,0.0,1454,40,0.311054,9.8e-05,112,40,1
159.203.72.146,192.168.10.5,202304201906,3,2,5,0,8081,1,0.364437,0.007722,44,40,0.371625,0.371625,44,40,1
139.59.94.74,192.168.10.5,202304201906,3,1,4,0,6222,1,0.11022,0.002334,44,40,-10000,-10000,44,44,1
113.252.14.157,192.168.10.5,202304201905,7,4,11,0,23,1,30.759856,0.040837,60,40,30.864686,0.099644,60,44,1
91.191.209.202,192.168.10.5,202304201906,5,4,9,0,7079,1,1.420306,0.0,87,40,1.008661,1e-06,52,40,1
185.225.74.251,192.168.10.5,202304201906,5,5,10,0,56575,1,1.259514,1e-06,118,52,1.008545,0.0,60,52,1
36.134.47.247,192.168.10.5,202304201906,6,7,13,0,5900,1,1.056286,0.0,64,52,1.035837,0.000644,64,52,1
91.240.118.224,192.168.10.5,202304201906,3,1,4,0,9549,1,0.27729,0.000833,44,40,-10000,-10000,44,44,1
5.188.210.232,192.168.10.5,202304201906,2,2,4,0,53281,1,1.365129,1.365129,44,40,1.02616,1.02616,44,44,1
194.26.29.195,192.168.10.5,202304201906,3,1,4,0,3674,1,0.307398,0.030683,44,40,-10000,-10000,44,44,1
192.241.195.15,192.168.10.5,202304201906,6,11,17,0,6667,1,32.636894,0.0,76,44,16.239597,1e-06,60,44,1
104.236.246.102,192.168.10.5,202304201906,3,2,5,0,43323,1,0.159461,0.000632,44,40,0.159742,0.159742,44,40,1
193.163.125.122,192.168.10.5,202304201906,1,1,2,0,515,1,-10000,-10000,44,44,-10000,-10000,40,40,1
101.34.37.129,192.168.10.5,202304201906,5,5,10,0,5900,1,0.17436,0.0,64,52,0.173461,0.001364,64,52,1
120.25.227.158,192.168.10.5,202304201907,5,5,10,0,5900,1,0.233251,0.0,64,52,0.233426,0.000613,64,52,1
192.168.10.4,192.168.10.5,202304201907,32,11,43,0,64297,1,5.035264,-1.4e-05,575,52,5.03526,0.0,3876,52,1
194.26.29.86,192.168.10.5,202304201907,3,1,4,0,3077,1,0.292835,0.012956,44,40,-10000,-10000,44,44,1
91.240.118.221,192.168.10.5,202304201907,3,1,4,0,8224,1,0.261653,0.004804,44,40,-10000,-10000,44,44,1
192.168.3.118,172.29.148.192,202304201905,20,0,20,0,55443,1,12.852655,1.013311,60,60,-10000,-10000,-10000,-10000,0
91.191.209.206,192.168.10.5,202304201907,5,4,9,0,9100,1,1.426917,0.0,87,40,1.0086,0.0,52,40,1
162.216.150.200,192.168.10.5,202304201906,7,6,13,0,2202,1,46.868431,0.000631,84,40,47.038118,0.0,60,44,1
111.98.252.254,192.168.10.5,202304201907,2,0,2,0,445,1,3.139831,3.139831,48,48,-10000,-10000,-10000,-10000,1
139.59.94.74,192.168.10.5,202304201907,5,4,9,0,6222,1,1.129237,0.0003,60,52,1.130295,0.0,60,52,1
114.215.179.136,192.168.10.5,202304201907,5,5,10,0,5900,1,0.171753,1e-06,64,52,0.172356,0.000794,64,52,1
120.203.25.108,192.168.10.5,202304201907,4,3,7,0,23,1,8.231922,0.083166,44,40,8.315089,1.017666,44,44,1
219.146.182.187,192.168.10.5,202304201907,6,6,12,0,6379,1,0.969876,0.001153,66,52,0.644346,0.123011,64,52,1
61.177.172.104,192.168.10.5,202304201907,5,4,9,0,22,1,1.001535,0.0,67,52,1.001535,0.229302,75,60,1
91.191.209.202,192.168.10.5,202304201908,5,4,9,0,9065,1,1.413785,0.0,87,40,1.008309,1e-06,52,40,1
162.142.125.138,192.168.10.5,202304201908,1,1,2,0,631,1,-10000,-10000,44,44,-10000,-10000,40,40,1
80.66.77.236,192.168.10.5,202304201908,2,1,3,0,34567,1,0.29016,0.29016,44,40,-10000,-10000,44,44,1
182.71.6.166,192.168.10.5,202304201906,20,15,35,0,3389,1,38.279889,0.0,83,40,38.446373,0.013194,59,40,1
124.222.117.173,192.168.10.5,202304201908,5,5,10,0,5900,1,0.245881,1e-06,64,52,0.245455,0.000505,64,52,1
106.54.181.82,192.168.10.5,202304201908,5,5,10,0,5900,1,0.172799,0.0,64,52,0.171727,0.001072,64,52,1
222.165.186.50,192.168.10.5,202304201908,1,0,1,0,445,1,-10000,-10000,44,44,-10000,-10000,-10000,-10000,1
43.130.57.239,192.168.10.5,202304201908,17,14,31,0,9036,1,11.047643,0.0,295,40,11.165269,0.0,60,52,1
36.133.130.233,192.168.10.5,202304201908,5,5,10,0,5900,1,0.113956,0.000848,64,52,0.113437,0.000852,64,52,1
104.248.81.55,192.168.10.5,202304201907,77,75,152,0,22,1,12.796668,0.0,1012,52,13.043161,0.000715,699,52,1
5.188.210.227,192.168.10.5,202304201909,5,4,9,0,53281,1,1.308106,0.040297,60,52,1.30675,0.0,60,40,1
120.79.173.127,192.168.10.5,202304201909,7,6,13,0,2376,1,0.662871,1e-06,178,52,0.662872,0.0,64,52,1
192.168.3.117,172.29.148.192,202304201908,20,0,20,0,55443,1,12.969565,1.005224,60,60,-10000,-10000,-10000,-10000,0
147.182.225.86,192.168.10.5,202304201907,52,43,95,0,8000,5,57.833034,0.0,303,52,57.833588,0.0,60,40,1
91.191.209.206,192.168.10.5,202304201909,5,4,9,0,9093,1,1.361353,0.0,87,40,1.008337,0.0,52,40,1
120.203.25.108,192.168.10.5,202304201909,4,2,6,0,23,1,32.539779,0.081599,44,40,32.623014,32.623014,44,44,1
36.134.122.227,192.168.10.5,202304201909,5,5,10,0,5900,1,0.097811,0.0,64,52,0.097213,0.000915,64,52,1
124.78.206.79,192.168.10.5,202304201909,5,5,10,0,5900,1,0.179344,0.0,64,52,0.178329,0.001015,64,52,1
106.14.107.14,192.168.10.5,202304201909,5,5,10,0,5900,1,0.178306,1e-06,64,52,0.177398,0.000966,64,52,1
106.15.229.166,192.168.10.5,202304201909,5,5,10,0,5900,1,0.166449,0.0,64,52,0.167236,0.001027,64,52,1
61.177.172.104,192.168.10.5,202304201909,1,1,2,0,22,1,-10000,-10000,40,40,-10000,-10000,52,52,1
89.248.163.189,192.168.10.5,202304201910,3,1,4,0,3389,1,0.227578,0.00213,44,40,-10000,-10000,44,44,1
35.203.211.77,192.168.10.5,202304201909,8,7,15,0,9658,1,44.331892,0.0,377,40,44.552719,0.0,60,44,1
61.177.172.108,192.168.10.5,202304201910,12,13,25,0,22,1,1.755135,0.0,908,52,1.711689,0.000291,699,52,1
149.56.200.166,192.168.10.5,202304201910,2,1,3,0,55934,1,0.176261,0.176261,44,40,-10000,-10000,44,44,1
74.63.192.130,192.168.10.5,202304201907,678,597,1275,0,80,33,10.009264,0.0,569,40,20.024156,0.0,1487,40,1
185.249.197.157,192.168.10.5,202304201910,16,74,90,0,80,2,7.821857,0.030872,52,52,7.990664,0.0,52,44,1
113.142.66.88,192.168.10.5,202304201911,6,6,12,0,5900,1,0.542273,0.0,64,52,0.542273,0.000593,64,52,1
61.177.173.50,192.168.10.5,202304201911,11,12,23,0,22,1,0.510926,0.001156,908,52,0.469644,0.000493,676,52,1
106.75.251.199,192.168.10.5,202304201911,5,5,10,0,5900,1,0.184997,0.0,64,52,0.184233,0.000768,64,52,1
192.241.239.28,192.168.10.5,202304201910,1,6,7,0,7000,1,-10000,-10000,44,44,16.23955,1.010528,44,44,1
91.191.209.202,192.168.10.5,202304201911,5,4,9,0,17171,1,1.409327,0.0,87,40,1.007733,0.0,52,40,1
162.216.150.76,192.168.10.5,202304201910,8,6,14,0,10029,1,49.188451,0.000203,378,40,49.35616,0.0,60,44,1
182.71.6.166,192.168.10.5,202304201909,20,15,35,0,3389,1,38.927831,1e-06,83,40,39.091998,0.02836,59,40,1
179.60.147.13,192.168.10.5,202304201910,20,16,36,0,4150,4,31.296058,0.0,87,40,31.539736,0.0,52,40,1
5.188.210.227,192.168.10.5,202304201910,9,8,17,0,53281,1,52.252265,0.01996,413,52,52.252668,0.0,60,40,1
41.86.10.187,192.168.10.5,202304201912,1,0,1,0,1433,1,-10000,-10000,44,44,-10000,-10000,-10000,-10000,1
218.58.69.121,192.168.10.5,202304201912,2,1,3,0,30622,1,0.056369,0.056369,44,40,-10000,-10000,44,44,1
91.191.209.202,192.168.10.5,202304201912,5,4,9,0,18828,1,1.419771,0.0,87,40,1.008249,0.0,52,40,1
89.248.165.14,192.168.10.5,202304201912,18,15,33,0,35813,1,1.251539,0.0,111,40,1.008531,1e-06,60,52,1
187.155.9.161,192.168.10.5,202304201912,2,1,3,0,23,1,0.203065,0.203065,44,40,-10000,-10000,44,44,1
194.165.17.11,192.168.10.5,202304201912,10,8,18,0,55955,2,13.684612,1e-06,87,40,13.944116,1e-06,52,40,1
36.134.102.251,192.168.10.5,202304201912,5,5,10,0,5900,1,0.078077,1e-06,64,52,0.078158,0.001149,64,52,1
185.156.73.53,192.168.10.5,202304201912,3,1,4,0,39580,1,0.243503,0.003659,44,40,-10000,-10000,44,44,1
66.63.177.174,192.168.10.5,202304201913,1,0,0,1,5060,1,-10000,-10000,431,431,-10000,-10000,-10000,-10000,1
179.60.147.13,192.168.10.5,202304201913,5,5,10,0,4916,1,1.248292,0.0,87,40,1.007973,0.0,52,40,1
149.56.200.166,192.168.10.5,202304201913,5,4,9,0,55934,1,1.173305,0.0,60,52,1.172203,1e-06,60,52,1
135.181.22.53,192.168.10.5,202304201913,3,1,4,0,8080,1,0.273466,0.003368,44,40,-10000,-10000,44,44,1
122.9.160.136,192.168.10.5,202304201913,5,5,10,0,5900,1,0.120651,0.0,64,52,0.120814,0.000903,64,52,1
192.241.239.28,192.168.10.5,202304201913,5,5,10,0,7000,1,1.124829,0.0,76,52,1.008573,0.0,60,52,1
36.138.197.31,192.168.10.5,202304201913,5,5,10,0,5900,1,0.07562,1e-06,64,52,0.075766,0.0011,64,52,1
93.23.18.80,192.168.10.5,202304201913,8,48,56,0,443,2,2.287338,0.040633,52,52,10.826369,0.0,52,52,1
134.255.218.127,192.168.10.5,202304201914,4,3,7,0,3389,1,0.307373,0.001314,83,40,0.249976,0.052859,59,40,1
14.116.211.11,192.168.10.5,202304201914,2,2,4,0,6379,1,1.250341,1.250341,60,40,1.017765,1.017765,60,60,1
118.123.105.90,192.168.10.5,202304201913,4,13,17,0,4911,1,11.248762,0.232083,44,40,15.724001,0.49001,44,44,1
104.29.46.61,192.168.10.5,202304201914,3,1,4,0,2087,1,0.113583,0.000285,44,40,-10000,-10000,44,44,1
182.151.29.95,192.168.10.5,202304201914,5,5,10,0,5900,1,0.243121,0.0,64,52,0.242302,0.001062,64,52,1
165.227.188.42,192.168.10.5,202304201914,150,110,260,0,995,1,6.958985,0.0,492,52,6.9594,0.0,1437,40,1
182.71.6.166,192.168.10.5,202304201912,20,16,36,0,3389,1,38.683556,6.5e-05,83,40,38.835108,0.000114,59,40,1
123.60.150.241,192.168.10.5,202304201914,5,5,10,0,5900,1,0.172898,0.0,64,52,0.173686,0.000856,64,52,1
35.203.210.193,192.168.10.5,202304201914,8,6,14,0,2080,1,46.144228,0.00304,259,40,46.367246,0.0,60,44,1
45.93.16.42,192.168.10.5,202304201915,3,1,4,0,5038,1,0.211518,0.004736,44,40,-10000,-10000,44,44,1
193.35.18.12,192.168.10.5,202304201915,7,10,17,0,3129,1,2.508146,0.001025,176,40,0.736927,0.0,60,44,1
104.248.81.55,192.168.10.5,202304201912,79,74,153,0,22,1,43.234122,0.0,1012,40,43.493974,0.000102,699,44,1
150.158.50.247,192.168.10.5,202304201915,5,6,11,0,5900,1,0.723855,0.0,64,52,0.544327,0.000751,64,52,1
124.223.169.131,192.168.10.5,202304201915,5,5,10,0,5900,1,0.175869,1e-06,64,52,0.176915,0.000702,64,52,1
124.222.197.135,192.168.10.5,202304201915,5,5,10,0,5900,1,0.170697,1e-06,64,52,0.169684,0.001013,64,52,1
218.58.139.231,192.168.10.5,202304201915,5,5,10,0,5900,1,0.064548,0.0,64,52,0.063674,0.001054,64,52,1
205.210.31.172,192.168.10.5,202304201915,4,4,8,0,1521,1,1.302131,0.000146,44,44,1.341771,0.0,44,40,1
167.94.138.106,192.168.10.5,202304201915,2,1,3,0,8085,1,0.22696,0.22696,44,40,-10000,-10000,44,44,1
167.94.138.125,192.168.10.5,202304201915,14,11,25,0,8085,1,1.202305,0.0,295,52,1.223786,0.0,60,40,1
162.142.125.160,192.168.10.5,202304201915,2,1,3,0,8085,1,0.147518,0.147518,60,40,-10000,-10000,60,60,1
149.56.200.166,192.168.10.5,202304201916,2,1,3,0,18122,1,0.173671,0.173671,44,40,-10000,-10000,44,44,1
120.55.64.33,192.168.10.5,202304201916,5,5,10,0,5900,1,0.222202,0.0,64,52,0.221394,0.000752,64,52,1
147.182.225.86,192.168.10.5,202304201910,171,145,316,0,2087,10,57.218239,0.0,1589,52,57.218986,0.0,60,52,1
119.23.67.0,192.168.10.5,202304201916,5,5,10,0,5900,1,0.235477,0.0,64,52,0.234622,0.001308,64,52,1
193.57.40.49,192.168.10.5,202304201916,3,1,4,0,22189,1,0.244922,0.039331,44,40,-10000,-10000,44,44,1
167.94.145.81,192.168.10.5,202304201916,2,1,3,0,5985,1,0.24133,0.24133,44,40,-10000,-10000,44,44,1
205.210.31.192,192.168.10.5,202304201916,2,1,3,0,5001,1,0.266323,0.266323,44,40,-10000,-10000,44,44,1
167.94.145.57,192.168.10.5,202304201916,13,9,22,0,5985,1,1.253525,0.000215,295,52,1.256821,0.0,60,52,1
180.149.125.209,192.168.10.5,202304201916,1,6,7,0,8621,1,-10000,-10000,44,44,16.243436,1.010775,44,44,1
120.203.25.108,192.168.10.5,202304201916,8,7,15,0,23,1,34.065775,1e-06,60,40,1.032816,0.090008,60,44,1
104.248.81.55,192.168.10.5,202304201917,2,1,3,0,22,1,0.259611,0.259611,44,40,-10000,-10000,44,44,1
162.62.191.220,192.168.10.5,202304201916,22,17,39,0,1027,1,10.006227,0.0,295,40,10.294167,0.0,60,52,1
198.235.24.48,192.168.10.5,202304201917,5,6,11,0,9002,1,1.342791,0.0,44,44,1.084517,0.0,44,40,1
222.188.186.36,192.168.10.5,202304201917,28,33,61,0,23,1,0.827375,0.001497,125,40,0.613678,0.000109,1023,44,1
92.63.197.82,192.168.10.5,202304201917,3,1,4,0,24500,1,0.242803,0.004394,44,40,-10000,-10000,44,44,1
74.74.74.3,192.168.10.5,202304201916,16,68,84,0,80,2,3.218159,0.004369,52,52,7.99104,0.0,52,44,1
150.158.34.228,192.168.10.5,202304201917,5,5,10,0,5900,1,0.172764,1e-06,64,52,0.17201,0.001012,64,52,1
61.177.172.90,192.168.10.5,202304201917,15,15,30,0,22,1,0.719982,0.000294,908,52,0.935291,0.001039,676,52,1
192.241.213.81,192.168.10.5,202304201917,1,6,7,0,28015,1,-10000,-10000,44,44,16.24366,1.034187,44,44,1
182.71.6.166,192.168.10.5,202304201915,20,16,36,0,3389,1,37.407378,1e-06,83,40,37.569516,0.0,59,40,1
106.56.32.14,192.168.10.5,202304201917,2,7,9,0,23,1,0.027431,0.027431,44,44,16.239662,0.02743,44,44,1
205.210.31.192,192.168.10.5,202304201917,6,5,11,0,5001,1,1.273504,0.0,377,52,1.007714,0.0,60,52,1
106.37.72.118,192.168.10.5,202304201918,2,3,5,0,6379,1,3.257952,3.257952,60,40,2.030095,1.017863,60,60,1
106.112.222.42,192.168.10.5,202304201918,5,5,10,0,5900,1,0.218654,5.8e-05,64,52,0.217703,0.000848,64,52,1
61.177.173.50,192.168.10.5,202304201918,12,12,24,0,22,1,0.997007,0.0,908,52,0.997007,4.9e-05,699,52,1
91.240.118.71,192.168.10.5,202304201918,3,1,4,0,10110,1,0.274958,0.003258,44,40,-10000,-10000,44,44,1
194.165.17.11,192.168.10.5,202304201918,5,4,9,0,8058,1,1.272558,0.0,87,40,1.007346,1e-06,52,40,1
185.254.197.15,192.168.10.5,202304201918,1,0,0,1,1900,1,-10000,-10000,125,125,-10000,-10000,-10000,-10000,1
35.203.210.212,192.168.10.5,202304201917,7,6,13,0,42285,1,46.798098,0.000854,84,40,47.020767,0.0,60,44,1
80.66.76.51,192.168.10.5,202304201906,2109,2387,4496,0,5900,1,2.511234,0.0,56,40,1.783207,0.0,56,40,1
208.67.106.106,192.168.10.5,202304201918,5,5,10,0,9097,1,1.254201,0.002701,85,40,1.007475,1e-06,52,40,1
35.203.211.248,192.168.10.5,202304201918,8,6,14,0,9017,1,46.530097,0.0,377,40,46.753894,0.0,60,44,1
91.191.209.202,192.168.10.5,202304201919,1,0,1,0,1723,1,-10000,-10000,40,40,-10000,-10000,-10000,-10000,1
147.182.225.86,192.168.10.5,202304201919,12,10,22,0,3541,1,1.13109,0.0,303,52,1.047282,1e-06,60,52,1
35.203.210.201,192.168.10.5,202304201918,6,5,11,0,6900,1,49.153944,0.000932,60,40,49.377476,1e-06,60,44,1
35.203.210.11,192.168.10.5,202304201918,7,6,13,0,38321,1,46.158533,0.000542,84,40,46.379593,0.0,60,44,1
185.156.73.121,192.168.10.5,202304201919,3,1,4,0,34043,1,0.248457,0.002323,44,40,-10000,-10000,44,44,1
91.191.209.206,192.168.10.5,202304201918,20,16,36,0,4128,4,61.237948,0.0,87,40,61.621001,0.0,52,40,1
140.99.182.169,192.168.10.5,202304201919,6,3,9,0,23,1,4.535566,0.001171,60,40,0.17773,0.17584,60,44,1
192.241.213.81,192.168.10.5,202304201919,5,5,10,0,28015,1,1.126118,0.002293,77,52,1.007708,1e-06,60,52,1
185.73.124.152,192.168.10.5,202304201919,4,3,7,0,3389,1,0.83375,0.001497,83,40,0.782989,0.060186,59,40,1
198.235.24.59,192.168.10.5,202304201919,2,1,3,0,8008,1,0.044606,0.044606,44,40,-10000,-10000,44,44,1
94.102.61.54,192.168.10.5,202304201919,7,11,18,0,8388,1,24.815742,0.000295,259,44,9.351016,0.0,60,44,1
205.214.74.6,192.168.10.5,202304201920,4,4,8,0,24724,1,1.186811,1e-06,44,40,1.194565,1e-06,44,40,1
94.102.61.37,192.168.10.5,202304201920,1,0,0,1,40825,1,-10000,-10000,57,57,-10000,-10000,-10000,-10000,1
104.248.81.55,192.168.10.5,202304201919,88,75,163,0,22,1,12.226126,0.0,1012,52,12.475933,0.000858,699,52,1
114.132.248.19,192.168.10.5,202304201920,6,7,13,0,5900,1,0.880523,0.0,64,52,0.65628,0.001066,64,52,1
182.71.6.166,192.168.10.5,202304201919,20,16,36,0,3389,1,37.260561,0.0,83,40,37.410419,0.0,59,40,1
198.235.24.113,192.168.10.5,202304201921,1,1,2,0,808,1,-10000,-10000,44,44,-10000,-10000,40,40,1
89.248.163.200,192.168.10.5,202304201921,3,1,4,0,4506,1,0.262804,0.017787,44,40,-10000,-10000,44,44,1
58.211.207.70,192.168.10.5,202304201921,7,8,15,0,5900,1,1.243843,1e-06,64,52,1.031926,0.001202,64,52,1
128.1.248.43,192.168.10.5,202304201921,3,1,4,0,443,1,0.115332,0.020246,44,40,-10000,-10000,44,44,1
147.182.225.86,192.168.10.5,202304201920,47,41,88,0,3780,3,18.770683,0.0,311,52,18.771132,0.0,60,52,1
104.248.90.148,192.168.10.5,202304201921,2,1,3,0,9001,1,0.250913,0.250913,44,40,-10000,-10000,44,44,1
101.181.15.37,192.168.10.5,202304201921,2,1,3,0,23,1,0.218865,0.218865,44,40,-10000,-10000,44,44,1
149.56.200.166,192.168.10.5,202304201921,5,4,9,0,18122,1,1.171306,0.0,60,52,1.172303,0.0,60,52,1
61.177.173.52,192.168.10.5,202304201921,5,2,7,0,22,1,0.481157,0.0,908,52,0.242802,0.242802,75,60,1
198.235.24.59,192.168.10.5,202304201921,6,5,11,0,8008,1,1.050762,0.0,377,52,1.008721,0.0,60,52,1
162.142.125.245,192.168.10.5,202304201921,2,1,3,0,1678,1,0.142721,0.142721,44,40,-10000,-10000,44,44,1
162.142.125.226,192.168.10.5,202304201921,14,9,23,0,1678,1,1.152929,0.000981,295,40,1.159089,0.0,60,52,1
128.1.248.42,192.168.10.5,202304201921,10,9,19,0,443,1,0.124222,0.0,284,52,0.170078,0.0,1454,40,1
1.34.69.11,192.168.10.5,202304201921,2,1,3,0,23,1,0.03979,0.03979,44,40,-10000,-10000,44,44,1
198.199.119.63,192.168.10.5,202304201920,9,12,21,0,443,1,91.713096,0.001245,202,44,60.113424,0.001245,1385,44,1
162.216.150.91,192.168.10.5,202304201921,8,6,14,0,49246,1,48.228288,0.000301,259,40,48.3969,0.0,60,44,1
162.142.125.160,192.168.10.5,202304201921,4,2,6,0,1678,2,25.558093,0.151608,60,40,25.716185,25.716185,60,60,1
192.168.10.4,192.168.10.5,202304201922,36,13,49,0,64297,1,5.03836,-1.9e-05,575,52,5.038382,0.0,3876,40,1
162.142.125.136,192.168.10.5,202304201922,2,1,3,0,443,1,0.135179,0.135179,44,40,-10000,-10000,44,44,1
162.142.125.225,192.168.10.5,202304201922,46,32,78,0,443,1,1.000967,0.0,304,40,1.159386,1e-06,1487,40,1
35.203.211.211,192.168.10.5,202304201922,2,1,3,0,5950,1,0.223575,0.223575,44,40,-10000,-10000,44,44,1
192.241.225.6,192.168.10.5,202304201921,6,11,17,0,7001,1,18.5087,0.000633,76,44,11.895763,0.0,60,44,1
220.220.248.1,192.168.10.5,202304201823,231,231,0,462,36088,202,38.9493,0.0,126,91,38.948724,0.0,75,58,1
160.44.201.156,192.168.10.5,202304201823,1958,2160,4118,0,47922,178,37.473934,0.0,4136,40,37.460723,0.0,14180,40,1
104.248.81.55,192.168.10.5,202304201922,2,1,3,0,22,1,0.258293,0.258293,44,40,-10000,-10000,44,44,1
124.223.57.237,192.168.10.5,202304201922,5,5,10,0,5900,1,0.168267,1e-06,64,52,0.167729,0.00086,64,52,1
91.240.118.9,192.168.10.5,202304201922,32,22,54,0,8443,1,3.662549,0.0,530,52,3.662448,0.0,5660,40,1
87.236.176.188,192.168.10.5,202304201923,5,5,10,0,49168,1,1.256576,0.0,624,52,1.254553,0.0,60,40,1
121.36.195.121,192.168.10.5,202304201923,5,5,10,0,5900,1,0.171171,1e-06,64,52,0.170268,0.000842,64,52,1
36.133.199.180,192.168.10.5,202304201923,6,6,12,0,5900,1,0.299477,0.0,64,52,0.299476,0.00064,64,52,1
61.177.173.52,192.168.10.5,202304201923,1,1,2,0,22,1,-10000,-10000,40,40,-10000,-10000,52,52,1
89.248.165.52,192.168.10.5,202304201923,3,1,4,0,2746,1,0.230753,0.004592,44,40,-10000,-10000,44,44,1
87.236.176.205,192.168.10.5,202304201923,5,5,10,0,49168,1,1.26694,0.0,78,52,1.261644,0.0,60,40,1
36.133.125.177,192.168.10.5,202304201923,7,7,14,0,5900,1,1.049165,0.0,64,52,1.008107,0.000849,64,52,1
61.177.173.36,192.168.10.5,202304201923,12,14,26,0,22,1,2.186288,0.0,908,52,2.144402,0.0,699,52,1
87.236.176.190,192.168.10.5,202304201923,5,5,10,0,49168,1,1.261894,1e-06,61,52,1.259397,0.0,60,40,1
87.236.176.204,192.168.10.5,202304201924,5,5,10,0,49168,1,1.266863,0.0,96,52,1.264531,0.0,60,40,1
213.226.123.61,192.168.10.5,202304201924,3,1,4,0,1222,1,0.284192,0.002129,44,40,-10000,-10000,44,44,1
117.62.35.199,192.168.10.5,202304201924,4,2,6,0,23,1,0.17191,0.03159,44,40,0.031591,0.031591,44,44,1
182.71.6.166,192.168.10.5,202304201922,16,13,29,0,3389,1,42.484701,0.0,83,40,42.633267,0.0,59,40,1
8.140.150.7,192.168.10.5,202304201924,7,3,10,0,6379,1,0.096098,0.0,66,40,0.096948,0.0,60,40,1
87.236.176.201,192.168.10.5,202304201924,10,10,20,0,49168,1,1.261245,0.0,166,52,1.258167,0.0,60,40,1
124.222.93.58,192.168.10.5,202304201924,5,5,10,0,5900,1,0.167067,0.0,64,52,0.166341,0.000726,64,52,1
122.114.15.135,192.168.10.5,202304201924,5,5,10,0,5900,1,0.073605,0.0,64,52,0.073178,0.00047,64,52,1
193.3.53.10,192.168.10.5,202304201924,2,1,3,0,4592,1,0.16169,0.16169,44,40,-10000,-10000,44,44,1
134.255.218.127,192.168.10.5,202304201924,4,3,7,0,3389,1,0.309878,0.0,83,40,0.240375,0.067234,59,40,1
109.206.243.200,192.168.10.5,202304201924,1,0,1,0,81,1,-10000,-10000,44,44,-10000,-10000,-10000,-10000,1
61.177.173.50,192.168.10.5,202304201925,6,6,12,0,22,1,1.219892,0.0,908,52,1.008028,0.00368,699,52,1
178.128.158.212,192.168.10.5,202304201924,1,6,7,0,8395,1,-10000,-10000,44,44,16.239565,1.019844,44,44,1
186.74.18.228,192.168.10.5,202304201925,2,1,3,0,23,1,0.241661,0.241661,44,40,-10000,-10000,44,44,1
167.248.133.129,192.168.10.5,202304201925,1,0,1,0,1723,1,-10000,-10000,44,44,-10000,-10000,-10000,-10000,1
121.37.176.170,192.168.10.5,202304201925,5,5,10,0,5900,1,0.171576,0.0,64,52,0.170496,0.001081,64,52,1
159.65.246.226,192.168.10.5,202304201925,6,4,10,0,8008,1,30.83212,0.000298,44,44,1.168758,1e-06,44,40,1
61.177.172.114,192.168.10.5,202304201925,11,12,23,0,22,1,0.245468,0.0,908,52,0.253676,0.0,699,52,1
101.201.64.231,192.168.10.5,202304201925,6,2,8,0,6379,1,1.126369,0.000243,60,40,1.019863,1.019863,60,60,1
104.248.81.55,192.168.10.5,202304201924,77,73,150,0,22,1,12.73132,0.0,1012,52,12.986812,9e-05,699,52,1
211.251.2.28,192.168.10.5,202304201926,20,21,41,0,23,1,0.094442,0.0,113,40,0.087575,0.0,1011,40,1
144.217.84.62,192.168.10.5,202304201926,1,0,0,1,1900,1,-10000,-10000,56,56,-10000,-10000,-10000,-10000,1
167.94.138.107,192.168.10.5,202304201926,2,1,3,0,9090,1,0.192988,0.192988,44,40,-10000,-10000,44,44,1
85.217.144.14,192.168.10.5,202304201925,11,7,18,0,5555,1,45.033017,0.0,408,40,1.714597,0.000406,199,44,1
183.255.49.86,192.168.10.5,202304201926,7,7,14,0,5900,1,0.329094,0.0,64,52,0.329074,0.000812,64,52,1
185.156.73.121,192.168.10.5,202304201926,3,1,4,0,14873,1,0.243999,0.004504,44,40,-10000,-10000,44,44,1
198.199.111.172,192.168.10.5,202304201926,1,6,7,0,7002,1,-10000,-10000,44,44,16.239855,1.031081,44,44,1
167.94.138.34,192.168.10.5,202304201926,81,71,152,0,9090,1,1.238898,0.0,295,40,1.197184,0.0,60,52,1
91.240.118.75,192.168.10.5,202304201927,3,1,4,0,2516,1,0.283281,0.000857,44,40,-10000,-10000,44,44,1
162.216.149.131,192.168.10.5,202304201926,8,6,14,0,24433,1,46.777051,0.002314,259,40,46.945772,5e-05,60,44,1
104.28.235.54,192.168.10.5,202304201927,5,5,10,0,2087,1,1.121528,1e-06,324,52,1.007539,0.0,60,52,1
182.71.6.166,192.168.10.5,202304201925,20,15,35,0,3389,1,36.82115,0.000353,83,40,36.990788,0.022967,59,40,1
162.142.125.141,192.168.10.5,202304201927,2,1,3,0,17777,1,0.143624,0.143624,44,40,-10000,-10000,44,44,1
162.142.125.160,192.168.10.5,202304201926,4,2,6,0,9090,2,31.722243,0.151527,60,40,31.880241,31.880241,60,60,1
162.142.125.13,192.168.10.5,202304201927,14,10,24,0,17777,1,1.145468,0.006333,295,52,1.155267,0.0,60,40,1
125.124.103.150,192.168.10.5,202304201927,5,5,10,0,5900,1,0.167723,0.0,64,52,0.166393,0.001198,64,52,1
192.168.3.118,172.29.148.192,202304201926,20,0,20,0,55443,1,12.843352,1.015773,60,60,-10000,-10000,-10000,-10000,0
162.216.149.46,192.168.10.5,202304201926,8,6,14,0,46426,1,45.494895,0.000679,259,40,45.662257,0.0,60,44,1
162.216.150.75,192.168.10.5,202304201926,6,5,11,0,2122,1,49.124426,1e-06,60,40,49.29413,1e-06,60,44,1
205.210.31.95,192.168.10.5,202304201927,1,0,0,1,5351,1,-10000,-10000,32,32,-10000,-10000,-10000,-10000,1
205.210.31.226,192.168.10.5,202304201927,1,1,2,0,20,1,-10000,-10000,44,44,-10000,-10000,40,40,1
194.26.29.169,192.168.10.5,202304201927,3,1,4,0,7790,1,0.29368,0.010715,44,40,-10000,-10000,44,44,1
193.163.125.111,192.168.10.5,202304201927,2,1,3,0,2534,1,0.265446,0.265446,44,40,-10000,-10000,44,44,1
61.177.173.50,192.168.10.5,202304201927,0,8,8,0,22,1,-10000,-10000,-10000,-10000,21.910638,0.644257,52,52,1
192.168.3.117,172.29.148.192,202304201926,20,0,20,0,55443,1,12.935031,1.011577,60,60,-10000,-10000,-10000,-10000,0
185.156.73.121,192.168.10.5,202304201928,3,1,4,0,16736,1,0.232971,0.003306,44,40,-10000,-10000,44,44,1
178.128.158.212,192.168.10.5,202304201928,4,4,8,0,8395,1,1.166311,0.008328,60,52,1.164798,0.0,60,52,1
35.185.144.247,192.168.10.5,202304201928,1,1,2,0,873,1,-10000,-10000,44,44,-10000,-10000,40,40,1
120.25.227.158,192.168.10.5,202304201928,5,6,11,0,5900,1,0.909429,0.0,64,52,0.678032,0.001175,64,52,1
120.48.13.82,192.168.10.5,202304201928,3,1,4,0,22,1,0.204556,0.011907,44,40,-10000,-10000,44,44,1
104.248.81.55,192.168.10.5,202304201928,2,1,3,0,22,1,0.265317,0.265317,44,40,-10000,-10000,44,44,1
35.203.210.194,192.168.10.5,202304201927,7,6,13,0,5322,1,57.662946,1e-06,84,40,57.885266,0.0,60,44,1
36.105.100.113,192.168.10.5,202304201928,5,5,10,0,5900,1,0.271985,0.001177,64,52,0.271962,0.0006,64,52,1
162.216.150.247,192.168.10.5,202304201928,8,6,14,0,23929,1,43.938394,0.001491,259,40,44.107275,0.0,60,44,1
114.215.179.136,192.168.10.5,202304201929,5,5,10,0,5900,1,0.209714,0.0,64,52,0.209921,0.000509,64,52,1
198.235.24.103,192.168.10.5,202304201929,5,5,10,0,9443,1,1.384546,0.008028,44,44,1.455322,4.3e-05,44,40,1
147.182.225.86,192.168.10.5,202304201929,10,7,17,0,21,1,9.998209,0.00067,303,52,10.112993,0.040372,60,52,1
124.222.117.173,192.168.10.5,202304201929,5,5,10,0,5900,1,0.172472,0.0,64,52,0.173052,0.000949,64,52,1
106.54.181.82,192.168.10.5,202304201929,5,6,11,0,5900,1,0.169534,0.0,64,52,0.169001,0.0,64,52,1
198.199.111.172,192.168.10.5,202304201929,5,5,10,0,7002,1,1.12456,1e-06,76,52,1.007917,0.0,60,52,1
167.99.3.72,192.168.10.5,202304201929,3,2,5,0,27222,1,0.154332,0.006905,44,40,0.160864,0.160864,44,40,1
210.247.249.230,192.168.10.5,202304201929,1,1,2,0,7586,1,-10000,-10000,40,40,-10000,-10000,40,40,1
194.26.29.86,192.168.10.5,202304201930,3,1,4,0,5780,1,0.285752,0.024765,44,40,-10000,-10000,44,44,1
36.134.47.247,192.168.10.5,202304201930,6,7,13,0,5900,1,1.019904,0.0,64,52,1.019827,0.000497,64,52,1
101.34.37.129,192.168.10.5,202304201930,5,5,10,0,5900,1,0.17157,0.0,64,52,0.170833,0.000562,64,52,1
183.250.153.34,192.168.10.5,202304201929,3,8,11,0,3389,1,5.993373,3.011969,52,48,16.239512,1.037525,52,52,1
182.71.6.166,192.168.10.5,202304201928,20,16,36,0,3389,1,36.814229,0.0,83,40,36.986036,1e-06,59,40,1
167.94.146.20,192.168.10.5,202304201930,2,1,3,0,19564,1,0.255998,0.255998,44,40,-10000,-10000,44,44,1
162.216.149.47,192.168.10.5,202304201929,8,6,14,0,9870,1,45.226478,1e-06,377,40,45.395406,0.0,60,44,1
167.94.146.60,192.168.10.5,202304201930,14,9,23,0,19564,1,1.263418,0.0,295,40,1.257033,0.0,60,52,1
112.248.188.183,192.168.10.5,202304201930,6,10,16,0,23,1,4.007283,0.014504,60,40,16.235527,0.079387,60,44,1
35.203.211.174,192.168.10.5,202304201930,8,6,14,0,9762,1,46.981551,0.0,377,40,47.205493,0.0,60,44,1
39.105.9.40,192.168.10.5,202304201931,7,3,10,0,6379,1,0.094677,0.0,66,40,0.096843,0.0,60,40,1
46.3.199.119,192.168.10.5,202304201931,1,0,1,0,3306,1,-10000,-10000,44,44,-10000,-10000,-10000,-10000,1
106.14.107.14,192.168.10.5,202304201931,5,5,10,0,5900,1,0.197279,0.0,64,52,0.196987,0.000292,64,52,1
106.15.229.166,192.168.10.5,202304201931,5,5,10,0,5900,1,0.166524,0.000264,64,52,0.167224,0.001303,64,52,1
61.177.173.55,192.168.10.5,202304201931,18,16,34,0,22,1,1.255872,0.0,724,52,1.20176,0.001211,900,52,1
147.182.225.86,192.168.10.5,202304201931,12,10,22,0,7547,1,6.799412,9.8e-05,303,52,6.952319,1e-06,60,52,1
211.178.70.13,192.168.10.5,202304201931,18,12,30,0,22,1,0.070906,0.0,724,40,0.071501,0.001255,900,52,1
45.79.132.41,192.168.10.5,202304201931,2,1,3,0,50050,1,0.177534,0.177534,44,40,-10000,-10000,44,44,1
194.26.29.195,192.168.10.5,202304201931,3,1,4,0,9200,1,0.305593,0.030724,44,40,-10000,-10000,44,44,1
167.99.217.61,192.168.10.5,202304201930,239,201,440,0,49154,1,1.278101,0.0,263,40,1.254702,0.0,52,40,1
149.56.200.166,192.168.10.5,202304201932,2,1,3,0,43761,1,0.177263,0.177263,44,40,-10000,-10000,44,44,1
128.199.31.59,192.168.10.5,202304201932,3,1,4,0,6644,1,0.109013,0.007133,44,40,-10000,-10000,44,44,1
36.133.130.233,192.168.10.5,202304201932,5,6,11,0,5900,1,0.513852,1e-06,64,52,0.402725,0.000674,64,52,1
106.75.251.199,192.168.10.5,202304201932,5,5,10,0,5900,1,0.170073,0.0,64,52,0.169608,0.000722,64,52,1
104.248.81.55,192.168.10.5,202304201930,77,75,152,0,22,1,12.302198,0.0,1012,52,12.543922,0.0,699,52,1
206.189.227.2,192.168.10.5,202304201931,1,6,7,0,4256,1,-10000,-10000,44,44,16.239496,1.019482,44,44,1
59.110.152.109,192.168.10.5,202304201932,7,3,10,0,6379,1,0.095954,0.0,66,40,0.097738,0.000251,60,40,1
118.37.157.169,192.168.10.5,202304201932,2,1,3,0,3395,1,0.070966,0.070966,44,40,-10000,-10000,44,44,1
61.177.173.50,192.168.10.5,202304201932,11,14,25,0,22,1,2.135859,6.3e-05,908,52,1.280909,0.000447,699,52,1
185.156.73.121,192.168.10.5,202304201932,3,1,4,0,59491,1,0.240574,0.003267,44,40,-10000,-10000,44,44,1
36.134.122.227,192.168.10.5,202304201933,5,5,10,0,5900,1,0.098994,0.0,64,52,0.098155,0.001089,64,52,1
59.53.86.120,192.168.10.5,202304201933,5,3,8,0,6379,1,0.256536,0.002132,66,52,0.256537,0.210917,60,52,1
128.199.31.59,192.168.10.5,202304201933,5,4,9,0,6644,1,1.135228,0.000945,60,52,1.136516,0.0,60,52,1
162.216.149.45,192.168.10.5,202304201932,7,6,13,0,22333,1,50.758088,0.000895,84,40,50.926732,1e-06,60,44,1
120.77.168.106,192.168.10.5,202304201933,7,3,10,0,6379,1,0.214998,0.0,66,40,0.216901,0.0,60,40,1
198.235.24.232,192.168.10.5,202304201933,1,0,0,1,137,1,-10000,-10000,78,78,-10000,-10000,-10000,-10000,1
182.71.6.166,192.168.10.5,202304201931,20,15,35,0,3389,1,36.937666,0.0,83,40,37.105411,0.043066,59,40,1
112.4.65.118,192.168.10.5,202304201933,5,4,9,0,2228,1,1.081956,0.0,60,52,1.080856,0.0,60,52,1
113.142.66.88,192.168.10.5,202304201933,6,6,12,0,5900,1,1.001679,0.0,64,52,1.001679,0.000855,64,52,1
185.122.204.39,192.168.10.5,202304201934,5,3,8,0,3389,1,1.132828,0.283242,87,40,0.654709,0.004078,59,40,1
172.104.11.51,192.168.10.5,202304201934,5,5,10,0,50050,1,1.169227,1e-06,190,52,1.007606,0.0,56,52,1
91.240.118.71,192.168.10.5,202304201934,3,1,4,0,45053,1,0.283295,0.003291,44,40,-10000,-10000,44,44,1
162.216.150.224,192.168.10.5,202304201933,8,6,14,0,9953,1,47.590914,0.000293,377,40,47.758161,0.0,60,44,1
140.99.182.169,192.168.10.5,202304201933,8,7,15,0,23,1,43.093297,0.000286,60,40,43.353528,0.162395,64,44,1
144.24.183.47,192.168.10.5,202304201934,5,4,9,0,8080,1,2.392702,0.04496,60,52,2.678012,0.0,60,52,1
117.62.35.199,192.168.10.5,202304201934,2,1,3,0,23,1,0.201889,0.201889,44,40,-10000,-10000,44,44,1
165.227.188.42,192.168.10.5,202304201934,12,10,22,0,4040,1,2.713461,0.016903,303,52,2.921244,0.0,60,52,1
106.13.223.201,192.168.10.5,202304201934,7,7,14,0,5900,1,0.686159,1e-06,64,52,0.686123,0.00072,64,52,1
167.94.138.138,192.168.10.5,202304201934,2,1,3,0,7014,1,0.197384,0.197384,44,40,-10000,-10000,44,44,1
167.94.138.49,192.168.10.5,202304201934,14,10,24,0,7014,1,1.201582,0.0,295,40,1.210607,0.0,60,40,1
118.123.105.90,192.168.10.5,202304201934,1,0,0,1,7001,1,-10000,-10000,56,56,-10000,-10000,-10000,-10000,1
162.142.125.160,192.168.10.5,202304201934,2,1,3,0,7014,1,0.153413,0.153413,60,40,-10000,-10000,60,60,1
147.182.225.86,192.168.10.5,202304201932,40,32,72,0,3269,3,56.205628,0.0,569,52,56.20603,0.0,60,52,1
206.189.227.2,192.168.10.5,202304201935,5,4,9,0,4256,1,1.165618,0.0,60,52,1.164149,0.0,60,52,1
104.248.81.55,192.168.10.5,202304201935,2,1,3,0,22,1,0.253321,0.253321,44,40,-10000,-10000,44,44,1
135.181.149.138,192.168.10.5,202304201935,6,6,12,0,25565,1,1.287494,0.0,71,52,1.007851,0.0,60,52,1
35.203.210.121,192.168.10.5,202304201934,8,6,14,0,21717,1,57.733305,0.0,378,40,57.956961,0.0,60,44,1
134.255.218.127,192.168.10.5,202304201935,4,3,7,0,3389,1,0.283324,0.002915,83,40,0.246677,0.036437,59,40,1
198.235.24.248,192.168.10.5,202304201934,7,6,13,0,7777,1,55.5815,0.000962,377,40,55.812142,0.0,60,44,1
45.81.243.11,192.168.10.5,202304201935,11,9,20,0,25,1,0.35784,0.000671,52,40,0.370148,9.9e-05,112,40,1
95.214.27.126,192.168.10.5,202304201935,7,5,12,0,23,1,30.189156,0.17617,60,40,30.458278,0.27514,60,44,1
43.129.33.99,192.168.10.5,202304201936,7,5,12,0,8902,1,1.101486,0.000129,295,40,1.103129,0.0,60,52,1
36.134.102.251,192.168.10.5,202304201936,6,6,12,0,5900,1,0.285304,0.0,64,52,0.285125,0.001168,64,52,1
176.97.210.237,192.168.10.5,202304201936,1,0,0,1,53,1,-10000,-10000,54,54,-10000,-10000,-10000,-10000,1
218.58.139.231,192.168.10.5,202304201936,5,5,10,0,5900,1,0.061755,0.0,64,52,0.060778,0.001067,64,52,1
185.225.74.251,192.168.10.5,202304201936,5,5,10,0,56575,1,1.257126,0.0,118,52,1.008779,0.0,60,52,1
182.71.6.166,192.168.10.5,202304201934,20,15,35,0,3389,1,37.246536,0.0,83,40,37.400592,0.038419,59,40,1
150.158.50.247,192.168.10.5,202304201936,5,5,10,0,5900,1,0.172845,1e-06,64,52,0.171589,0.001256,64,52,1
43.158.217.180,192.168.10.5,202304201936,2,1,3,0,7547,1,0.126907,0.126907,44,40,-10000,-10000,44,44,1
61.177.173.52,192.168.10.5,202304201935,5,13,18,0,22,1,0.526164,0.0,67,52,43.305597,0.126941,676,52,1
193.32.162.189,192.168.10.5,202304201937,2,1,3,0,23,1,0.279851,0.279851,44,40,-10000,-10000,44,44,1
192.168.10.4,192.168.10.5,202304201937,32,11,43,0,64297,1,5.037441,-8e-06,575,52,5.037443,0.0,3876,52,1
5.135.141.188,192.168.10.5,202304201937,1,1,2,0,329,1,-10000,-10000,44,44,-10000,-10000,40,40,1
185.170.144.3,192.168.10.5,202304201937,4,3,7,0,3389,1,0.344345,0.0,87,40,0.288072,0.055208,59,40,1
167.94.146.28,192.168.10.5,202304201937,2,1,3,0,25628,1,0.252672,0.252672,44,40,-10000,-10000,44,44,1
162.243.149.12,192.168.10.5,202304201936,6,11,17,0,7077,1,64.507935,1e-06,76,44,32.883337,0.0,60,44,1
36.138.197.31,192.168.10.5,202304201937,5,5,10,0,5900,1,0.069386,0.0,64,52,0.068487,0.001149,64,52,1
167.94.146.58,192.168.10.5,202304201937,13,9,22,0,25628,1,1.266086,0.0,295,52,1.25582,0.0,60,52,1
182.151.29.95,192.168.10.5,202304201937,6,6,12,0,5900,1,0.579453,1e-06,64,52,0.579453,0.000812,64,52,1
147.182.225.86,192.168.10.5,202304201937,12,10,22,0,5800,1,3.549652,0.00225,303,52,3.71639,0.0,60,52,1
149.56.200.166,192.168.10.5,202304201937,5,4,9,0,43761,1,1.17146,1e-06,60,52,1.170186,0.0,60,52,1
162.216.150.186,192.168.10.5,202304201937,8,6,14,0,9190,1,46.221277,0.0,377,40,46.391158,0.0,60,44,1
120.55.64.33,192.168.10.5,202304201937,5,5,10,0,5900,1,0.17781,0.0,64,52,0.177114,0.001001,64,52,1
91.240.118.75,192.168.10.5,202304201937,3,1,4,0,39019,1,0.270869,0.003777,44,40,-10000,-10000,44,44,1
220.89.79.205,192.168.10.5,202304201937,1,6,7,0,23,1,-10000,-10000,44,44,16.239654,1.010249,44,44,1
142.93.209.143,192.168.10.5,202304201937,74,71,145,0,7443,1,1.14091,0.0,492,40,1.008959,0.0,60,44,1
195.88.24.240,192.168.10.5,202304201937,2,1,3,0,3128,1,0.153454,0.153454,44,40,-10000,-10000,44,44,1
162.62.191.231,192.168.10.5,202304201937,17,14,31,0,55555,1,10.008511,0.0,295,40,10.289045,0.0,60,40,1
77.250.70.21,192.168.10.5,202304201938,4,4,8,0,3389,1,1.262215,0.000599,83,40,0.877186,0.07374,59,40,1
104.248.81.55,192.168.10.5,202304201936,77,71,148,0,22,1,14.875992,0.0,1012,52,15.116164,0.000795,699,52,1
122.9.160.136,192.168.10.5,202304201938,5,5,10,0,5900,1,0.120473,1e-06,64,52,0.119637,0.000836,64,52,1
124.222.197.135,192.168.10.5,202304201938,5,5,10,0,5900,1,0.176906,0.0,64,52,0.176296,0.00061,64,52,1
124.223.169.131,192.168.10.5,202304201938,6,6,12,0,5900,1,0.441948,1e-06,64,52,0.441831,0.000998,64,52,1
89.248.165.52,192.168.10.5,202304201938,23,17,40,0,22039,1,1.252679,0.0,115,40,1.008438,0.0,60,52,1
162.142.125.234,192.168.10.5,202304201938,2,1,3,0,8826,1,0.151222,0.151222,44,40,-10000,-10000,44,44,1
162.142.125.11,192.168.10.5,202304201938,15,11,26,0,8826,1,1.154646,0.000922,295,52,1.15772,0.0,60,40,1
61.177.172.108,192.168.10.5,202304201938,14,16,30,0,22,1,0.831747,0.001403,908,40,0.609973,0.000643,676,52,1
179.43.163.131,192.168.10.5,202304201939,6,5,11,0,4719,1,1.267931,0.0,60,40,1.267972,1e-06,60,44,1
150.158.34.228,192.168.10.5,202304201939,5,5,10,0,5900,1,0.176863,0.000126,64,52,0.176212,0.001252,64,52,1
123.60.150.241,192.168.10.5,202304201939,5,5,10,0,5900,1,0.169171,0.0,64,52,0.168462,0.000601,64,52,1
167.94.138.156,192.168.10.5,202304201939,2,1,3,0,21265,1,0.217751,0.217751,44,40,-10000,-10000,44,44,1
167.94.145.19,192.168.10.5,202304201939,2,1,3,0,15130,1,0.237434,0.237434,44,40,-10000,-10000,44,44,1
167.94.138.34,192.168.10.5,202304201939,13,9,22,0,21265,1,1.206296,0.000182,295,52,1.22823,0.0,60,52,1
165.22.232.129,192.168.10.5,202304201939,6,5,11,0,28322,1,1.228576,0.0,44,40,1.232173,0.0,44,40,1
167.94.138.129,192.168.10.5,202304201939,2,1,3,0,9146,1,0.190347,0.190347,44,40,-10000,-10000,44,44,1
167.94.145.58,192.168.10.5,202304201939,14,9,23,0,15130,1,1.249692,0.0,295,40,1.250144,1e-06,60,52,1
167.94.138.52,192.168.10.5,202304201939,13,10,23,0,9146,1,1.199592,0.000294,295,52,1.208248,0.0,60,40,1
193.32.162.189,192.168.10.5,202304201939,5,6,11,0,56575,1,1.29878,0.0,118,52,1.008813,0.0,60,52,1
119.23.67.0,192.168.10.5,202304201939,5,5,10,0,5900,1,0.214388,0.001074,64,52,0.213852,0.001252,64,52,1
61.177.172.19,192.168.10.5,202304201939,12,12,24,0,22,1,0.99824,0.0,908,52,0.998239,0.000295,699,52,1
124.78.206.79,192.168.10.5,202304201939,5,5,10,0,5900,1,0.199509,0.001543,64,52,0.198207,0.001205,64,52,1
118.123.105.85,192.168.10.5,202304201939,1,0,0,1,37215,1,-10000,-10000,127,127,-10000,-10000,-10000,-10000,1
113.187.83.12,192.168.10.5,202304201939,7,4,11,0,23,1,30.621689,0.004925,60,40,30.734737,0.114159,60,44,1
147.182.225.86,192.168.10.5,202304201939,6,5,11,0,5010,1,2.786106,0.019053,62,52,2.94562,0.0,60,52,1
182.71.6.166,192.168.10.5,202304201938,20,15,35,0,3389,1,37.335976,0.0,83,40,37.503421,0.030056,59,40,1
110.185.211.110,192.168.10.5,202304201940,18,13,31,0,22,1,1.246101,0.0,916,52,0.97357,0.001302,676,52,1
82.65.96.40,192.168.10.5,202304201940,12,13,25,0,22,1,1.272603,0.0,1028,52,0.975128,0.000763,699,52,1
107.170.90.70,192.168.10.5,202304201940,3,2,5,0,18722,1,0.161765,0.000572,44,40,0.162137,0.162137,44,40,1
162.142.125.160,192.168.10.5,202304201938,8,4,12,0,8826,4,58.246781,0.144151,60,40,58.396492,5.650642,60,60,1
198.235.24.169,192.168.10.5,202304201940,4,4,8,0,7547,1,1.397947,0.0,44,44,1.272909,1e-06,44,40,1
167.248.133.160,192.168.10.5,202304201940,2,1,3,0,21313,1,0.142667,0.142667,44,40,-10000,-10000,44,44,1
167.248.133.127,192.168.10.5,202304201940,13,9,22,0,21313,1,1.152511,1e-06,295,52,1.146161,0.0,60,52,1
128.199.135.7,192.168.10.5,202304201940,4,4,8,0,15822,1,1.088844,0.0,44,40,1.088709,0.0,44,40,1
104.248.81.55,192.168.10.5,202304201941,2,1,3,0,22,1,0.254943,0.254943,44,40,-10000,-10000,44,44,1
162.243.141.24,192.168.10.5,202304201940,1,6,7,0,443,1,-10000,-10000,44,44,16.239466,1.022064,44,44,1
187.102.174.154,192.168.10.5,202304201941,12,13,25,0,22,1,1.299417,1e-06,1028,52,0.974531,0.000843,699,52,1
35.203.211.187,192.168.10.5,202304201940,8,6,14,0,37412,1,45.696647,0.003191,259,40,45.92522,1e-06,60,44,1
198.199.94.30,192.168.10.5,202304201941,1,6,7,0,32400,1,-10000,-10000,44,44,16.239348,1.025947,44,44,1
147.182.225.86,192.168.10.5,202304201941,6,5,11,0,44818,1,5.431577,0.002467,76,52,5.593199,0.0,60,52,1
106.112.222.42,192.168.10.5,202304201941,5,5,10,0,5900,1,0.228508,0.0,64,52,0.227759,0.000842,64,52,1
162.142.125.241,192.168.10.5,202304201941,2,1,3,0,6004,1,0.153081,0.153081,44,40,-10000,-10000,44,44,1
162.142.125.223,192.168.10.5,202304201941,15,12,27,0,6004,1,1.141751,0.0,295,40,1.165128,0.0,60,40,1
78.142.18.220,192.168.10.5,202304201941,8,6,14,0,23,1,0.293131,0.0,60,40,0.279858,0.000292,76,44,1
162.142.125.160,192.168.10.5,202304201941,2,1,3,0,6004,1,0.151493,0.151493,60,40,-10000,-10000,60,60,1
2.57.122.69,192.168.10.5,202304201941,10,6,16,0,4200,1,21.648009,0.0,569,40,21.93345,0.0,60,44,1
94.102.61.26,192.168.10.5,202304201942,1,1,2,0,389,1,-10000,-10000,44,44,-10000,-10000,40,40,1
92.204.139.216,192.168.10.5,202304201941,9,6,15,0,2375,1,14.913119,0.0,178,40,15.203398,4.6e-05,60,44,1
183.136.225.9,192.168.10.5,202304201940,13,20,33,0,3050,1,33.663837,0.0,152,40,33.663896,0.0,60,44,1
205.210.31.195,192.168.10.5,202304201942,4,4,8,0,8333,1,1.327435,0.0,44,44,1.608201,0.0,44,40,1
58.151.70.44,192.168.10.5,202304201942,2,1,3,0,23,1,0.043608,0.043608,44,40,-10000,-10000,44,44,1
164.92.114.247,192.168.10.5,202304201942,12,10,22,0,2375,1,3.315278,0.004393,303,52,3.473876,0.0,60,52,1
159.65.246.226,192.168.10.5,202304201942,6,5,11,0,8008,1,1.16059,0.000895,236,52,1.008467,0.0,60,52,1
162.243.141.24,192.168.10.5,202304201942,8,6,14,0,443,1,0.148019,0.000904,186,52,0.153117,0.000947,1385,52,1
188.166.7.77,192.168.10.5,202304201942,2,1,3,0,2203,1,0.246118,0.246118,44,40,-10000,-10000,44,44,1
139.59.7.115,192.168.10.5,202304201942,14,13,27,0,22,1,1.125443,0.0,1028,52,0.974723,0.000911,699,52,1
114.132.248.19,192.168.10.5,202304201942,7,7,14,0,5900,1,2.163652,0.0,64,52,2.163652,0.000848,64,52,1
159.223.66.163,192.168.10.5,202304201942,5,3,8,0,6379,1,0.254701,0.001518,66,52,0.254917,0.075659,60,52,1
35.203.210.118,192.168.10.5,202304201942,8,6,14,0,14343,1,50.148463,0.000659,259,40,50.371116,0.0,60,44,1
61.177.173.46,192.168.10.5,202304201943,13,14,27,0,22,1,0.620775,0.0,908,40,0.619249,0.000245,699,52,1
182.71.6.166,192.168.10.5,202304201941,20,15,35,0,3389,1,37.253622,0.0,83,40,37.408583,0.023144,59,40,1
183.136.225.9,192.168.10.5,202304201943,1,1,2,0,3050,1,-10000,-10000,52,52,-10000,-10000,40,40,1
192.241.221.14,192.168.10.5,202304201942,6,11,17,0,7199,1,57.704307,0.0,76,44,25.871511,0.0,60,44,1
177.200.1.53,192.168.10.5,202304201943,14,14,28,0,22,1,1.310417,0.0,1028,52,0.97179,0.000146,699,52,1
149.56.200.166,192.168.10.5,202304201943,2,1,3,0,21699,1,0.167583,0.167583,44,40,-10000,-10000,44,44,1
35.203.211.37,192.168.10.5,202304201942,8,6,14,0,48357,1,50.143104,0.0,259,40,50.365524,0.0,60,44,1
61.177.173.35,192.168.10.5,202304201943,11,10,21,0,22,1,0.258164,0.000295,908,52,0.275788,0.001147,699,52,1
78.142.18.220,192.168.10.5,202304201943,1,1,2,0,23,1,-10000,-10000,52,52,-10000,-10000,52,52,1
179.43.142.241,192.168.10.5,202304201943,21,21,42,0,22,1,15.768036,6.6e-05,700,40,14.951903,0.000836,900,44,1
124.223.57.237,192.168.10.5,202304201944,5,5,10,0,5900,1,0.185671,0.0,64,52,0.185399,0.000993,64,52,1
117.80.4.82,192.168.10.5,202304201944,8,4,12,0,23,1,6.961116,0.058046,60,40,0.646129,0.057863,60,44,1
167.172.138.229,192.168.10.5,202304201944,1,1,2,0,94,1,-10000,-10000,44,44,-10000,-10000,40,40,1
202.39.244.193,192.168.10.5,202304201944,2,2,4,0,23,1,1.054023,1.054023,44,40,1.012778,1.012778,44,44,1
35.203.211.112,192.168.10.5,202304201943,7,6,13,0,22280,1,46.071656,0.0,84,40,46.292536,0.0,60,44,1
147.182.225.86,192.168.10.5,202304201944,6,5,11,0,5938,1,1.88781,0.00099,61,52,2.046219,0.0,60,52,1
104.248.81.55,192.168.10.5,202304201943,77,73,150,0,22,1,14.017486,0.0,1012,52,14.262795,0.00104,699,52,1
43.231.235.208,192.168.10.5,202304201944,6,5,11,0,7004,1,1.165638,0.000104,177,52,1.007726,0.0,60,52,1
89.248.165.52,192.168.10.5,202304201944,21,16,37,0,1081,1,1.255553,0.0,115,40,1.008462,0.0,60,40,1
35.203.210.106,192.168.10.5,202304201944,8,6,14,0,10071,1,49.663586,1e-06,378,40,49.887258,0.0,60,44,1
89.248.165.59,192.168.10.5,202304201945,3,1,4,0,3370,1,0.237972,0.02715,44,40,-10000,-10000,44,44,1
192.168.3.117,172.29.148.192,202304201943,20,0,20,0,55443,1,12.94443,1.004531,60,60,-10000,-10000,-10000,-10000,0
205.210.31.79,192.168.10.5,202304201945,4,4,8,0,2222,1,1.324048,0.0,44,44,1.370213,0.0,44,40,1
189.78.43.209,192.168.10.5,202304201945,4,3,7,0,22,1,0.283787,0.000898,60,52,0.283399,0.001448,60,52,1
82.65.96.40,192.168.10.5,202304201945,12,15,27,0,22,1,1.28037,0.0,1028,52,0.972972,4.9e-05,676,52,1
195.34.158.88,192.168.10.5,202304201944,3,3,6,0,28815,2,24.884795,15.653733,40,40,24.884794,15.653734,40,40,1
194.55.224.228,192.168.10.5,202304201945,7,8,15,0,25,1,0.249032,0.000891,52,40,0.248719,0.000408,112,40,1
180.76.58.102,192.168.10.5,202304201945,2,2,4,0,6379,1,1.251804,1.251804,60,40,1.013656,1.013656,60,60,1
45.120.69.147,192.168.10.5,202304201945,12,13,25,0,22,1,1.05927,0.000648,1028,52,0.973525,0.000894,699,52,1
117.156.94.111,192.168.10.5,202304201945,4,5,9,0,47363,1,1.136517,0.131967,44,40,1.140202,0.0,44,40,1
198.199.94.30,192.168.10.5,202304201945,5,5,10,0,32400,1,1.128995,1e-06,77,52,1.008427,1e-06,60,52,1
124.222.93.58,192.168.10.5,202304201945,5,5,10,0,5900,1,0.172827,0.0,64,52,0.171919,0.000603,64,52,1
188.166.7.77,192.168.10.5,202304201945,4,4,8,0,2203,1,1.248713,1e-06,60,52,1.247432,0.0,60,52,1
149.56.200.166,192.168.10.5,202304201945,4,4,8,0,21699,1,1.176156,0.0,60,52,1.174821,0.0,60,52,1
139.59.7.115,192.168.10.5,202304201945,14,14,28,0,22,1,1.122334,0.0,1028,52,0.970458,0.000297,699,52,1
134.255.218.127,192.168.10.5,202304201945,4,3,7,0,3389,1,0.440209,0.000602,83,40,0.250624,0.187185,59,40,1
113.118.87.96,192.168.10.5,202304201945,1,0,0,1,5060,1,-10000,-10000,117,117,-10000,-10000,-10000,-10000,1
158.220.109.144,192.168.10.5,202304201946,3,2,5,0,5080,1,0.244023,0.002129,44,40,0.24584,0.24584,44,40,1
104.248.90.148,192.168.10.5,202304201929,873,806,1679,0,22,1,33.734684,0.0,1012,52,33.978695,0.0,699,52,1
117.62.35.199,192.168.10.5,202304201946,43,35,78,0,23,1,1.234466,0.0,125,40,1.033084,0.0,1027,44,1
106.13.222.253,192.168.10.5,202304201946,5,5,10,0,5900,1,0.251789,0.002681,64,52,0.251094,0.000695,64,52,1
182.71.6.166,192.168.10.5,202304201944,20,17,37,0,3389,1,37.024907,7.3e-05,83,40,37.192004,7.9e-05,59,40,1
187.102.174.154,192.168.10.5,202304201946,12,14,26,0,22,1,1.295923,1e-06,1028,52,0.973499,0.000698,699,52,1
82.65.96.40,192.168.10.5,202304201946,12,13,25,0,22,1,1.286008,6.5e-05,1028,52,0.975789,0.000653,699,52,1
35.203.211.239,192.168.10.5,202304201945,8,7,15,0,8088,1,50.416893,0.0,259,40,50.640759,0.0,60,44,1
167.94.138.109,192.168.10.5,202304201946,2,1,3,0,2080,1,0.226132,0.226132,44,40,-10000,-10000,44,44,1
167.94.138.34,192.168.10.5,202304201946,13,10,23,0,2080,1,1.231394,0.000681,295,52,1.229878,1e-06,60,40,1
162.142.125.160,192.168.10.5,202304201946,2,1,3,0,2080,1,0.1537,0.1537,60,40,-10000,-10000,60,60,1
91.240.118.221,192.168.10.5,202304201947,3,1,4,0,4276,1,0.287783,0.002287,44,40,-10000,-10000,44,44,1
61.177.173.36,192.168.10.5,202304201947,13,15,28,0,22,1,0.89368,0.0,908,52,0.670579,0.000925,699,52,1
36.133.125.177,192.168.10.5,202304201947,5,5,10,0,5900,1,0.113798,0.000122,64,52,0.113362,0.0006,64,52,1
220.220.248.1,192.168.10.5,202304201923,90,90,0,180,60583,78,38.496243,0.0,125,91,38.49662,0.0,75,58,1
160.44.201.156,192.168.10.5,202304201923,728,804,1532,0,45478,66,37.490673,0.0,4136,40,37.475783,0.0,11352,40,1
177.200.1.53,192.168.10.5,202304201947,14,14,28,0,22,1,1.312684,0.0,1028,52,0.973122,0.000246,699,52,1
139.59.7.115,192.168.10.5,202304201947,96,122,218,0,22,1,1.128123,0.0,1028,52,0.974949,0.000395,788,52,1
43.143.3.213,192.168.10.5,202304201947,4,3,7,0,3389,1,0.257389,1e-06,83,40,0.20239,0.060126,59,40,1
61.177.173.49,192.168.10.5,202304201946,12,24,36,0,22,1,5.040047,0.001255,76,52,13.403832,0.002869,699,52,1
192.168.3.118,172.29.148.192,202304201946,20,0,20,0,55443,1,12.850768,1.008677,60,60,-10000,-10000,-10000,-10000,0
121.36.195.121,192.168.10.5,202304201947,5,5,10,0,5900,1,0.187311,0.0,64,52,0.18632,0.000991,64,52,1
43.134.47.232,192.168.10.5,202304201947,12,13,25,0,22,1,1.102995,0.000347,1028,52,0.975573,0.000792,699,52,1
104.248.81.55,192.168.10.5,202304201948,2,1,3,0,22,1,0.267791,0.267791,44,40,-10000,-10000,44,44,1
43.158.217.180,192.168.10.5,202304201948,5,5,10,0,7547,1,1.134806,0.0,156,52,1.008254,1e-06,60,52,1
89.248.165.14,192.168.10.5,202304201948,24,16,40,0,32493,1,1.261826,0.0,115,40,1.008533,0.0,60,52,1
61.177.172.104,192.168.10.5,202304201948,5,2,7,0,22,1,0.411528,0.000648,908,52,0.209955,0.209955,75,60,1
134.122.77.23,192.168.10.5,202304201948,3,1,4,0,12221,1,0.248535,0.002038,44,40,-10000,-10000,44,44,1
45.120.69.147,192.168.10.5,202304201948,12,13,25,0,22,1,1.052724,0.000629,1028,52,0.971727,0.000655,699,52,1
162.142.125.132,192.168.10.5,202304201948,1,0,0,1,123,1,-10000,-10000,76,76,-10000,-10000,-10000,-10000,1
162.142.125.94,192.168.10.5,202304201948,2,1,3,0,32746,1,0.149876,0.149876,44,40,-10000,-10000,44,44,1
162.142.125.12,192.168.10.5,202304201948,14,9,23,0,32746,1,1.160561,0.0,295,40,1.158749,0.0,60,52,1
210.245.120.117,192.168.10.5,202304201948,3,1,4,0,6666,1,0.122421,0.004219,44,40,-10000,-10000,44,44,1
162.142.125.160,192.168.10.5,202304201948,2,1,3,0,32746,1,0.157058,0.157058,60,40,-10000,-10000,60,60,1
23.83.226.139,192.168.10.5,202304201948,16,15,31,0,22,1,1.178464,0.000288,1028,52,0.974106,0.000169,676,52,1
139.59.7.115,192.168.10.5,202304201948,14,14,28,0,22,1,1.133166,0.0,1028,52,0.970519,4.8e-05,699,52,1
36.133.199.180,192.168.10.5,202304201948,6,7,13,0,5900,1,0.297642,0.0,64,52,0.296538,0.001104,64,52,1
84.123.218.7,192.168.10.5,202304201948,14,15,29,0,22,1,1.290705,0.0,1028,52,0.975672,0.0,676,52,1
177.200.1.53,192.168.10.5,202304201948,14,15,29,0,22,1,1.312232,0.0,1028,52,0.973163,0.0,676,52,1
198.235.24.243,192.168.10.5,202304201949,4,4,8,0,2001,1,1.273529,1e-06,44,44,1.393404,5.6e-05,44,40,1
82.65.96.40,192.168.10.5,202304201947,102,139,241,0,22,1,53.561471,0.0,1028,52,53.822751,0.0,788,52,1
156.232.12.137,192.168.10.5,202304201949,14,14,28,0,22,1,1.133366,0.0,1028,52,0.976685,4.9e-05,699,52,1
187.102.174.154,192.168.10.5,202304201947,102,135,237,0,22,1,61.488863,0.0,1028,52,61.761541,0.000135,788,52,1
182.71.6.166,192.168.10.5,202304201947,20,15,35,0,3389,1,37.488303,0.0,83,40,37.645032,0.040239,59,40,1
58.211.207.70,192.168.10.5,202304201949,5,8,13,0,5900,1,4.627749,4e-05,64,52,2.481117,0.001298,64,52,1
170.64.189.151,192.168.10.5,202304201949,1,0,0,1,389,1,-10000,-10000,81,81,-10000,-10000,-10000,-10000,1
39.153.143.55,192.168.10.5,202304201949,4,4,8,0,22774,1,1.14231,2.9e-05,48,40,1.140216,1e-06,44,40,1
134.122.77.23,192.168.10.5,202304201949,4,4,8,0,12221,1,1.264257,0.0,60,52,1.261339,4.3e-05,60,52,1
45.120.69.147,192.168.10.5,202304201949,91,123,214,0,22,1,1.056988,0.0,1028,40,0.975745,0.0001,788,52,1
120.25.227.158,192.168.10.5,202304201949,5,5,10,0,5900,1,0.215649,1e-06,64,52,0.214982,0.001041,64,52,1
45.233.58.140,192.168.10.5,202304201949,14,14,28,0,22,1,1.395833,0.0,1028,52,0.988383,5e-05,699,52,1
121.37.176.170,192.168.10.5,202304201949,5,5,10,0,5900,1,0.172227,0.0,64,52,0.171672,0.001307,64,52,1
139.59.7.115,192.168.10.5,202304201950,14,14,28,0,22,1,1.129046,0.000289,1028,52,0.974479,0.000139,676,52,1
194.26.29.86,192.168.10.5,202304201950,3,1,4,0,4949,1,0.280817,0.013107,44,40,-10000,-10000,44,44,1
162.216.149.62,192.168.10.5,202304201949,8,7,15,0,4441,1,47.629489,1e-06,259,40,47.79811,0.0,60,44,1
159.65.220.18,192.168.10.5,202304201950,14,15,29,0,22,1,1.175481,0.0,1028,52,0.975486,0.000243,699,52,1
198.199.96.42,192.168.10.5,202304201949,6,11,17,0,7210,1,40.075523,0.0,76,44,16.243864,0.0,60,44,1
183.136.225.9,192.168.10.5,202304201949,17,26,43,0,9001,1,15.763113,0.0,227,40,8.248889,0.0,60,44,1
124.222.117.173,192.168.10.5,202304201950,5,5,10,0,5900,1,0.167972,0.0,64,52,0.167215,0.000601,64,52,1
106.54.181.82,192.168.10.5,202304201950,5,5,10,0,5900,1,0.173677,0.0,64,52,0.172625,0.000949,64,52,1
114.215.179.136,192.168.10.5,202304201950,5,5,10,0,5900,1,0.179599,1e-06,64,52,0.178938,0.000662,64,52,1
82.65.96.40,192.168.10.5,202304201950,12,14,26,0,22,1,1.272471,0.0,1028,52,0.971683,0.000211,699,52,1
159.203.105.247,192.168.10.5,202304201950,14,14,28,0,22,1,1.171383,0.0,1028,52,0.97618,0.000515,699,52,1
119.117.33.79,192.168.10.5,202304201950,6,9,15,0,23,1,30.829082,0.087724,60,44,15.875405,0.089664,60,44,1
187.102.174.154,192.168.10.5,202304201950,12,14,26,0,22,1,1.296725,0.000328,1028,52,0.973881,0.000548,699,52,1
104.248.81.55,192.168.10.5,202304201949,77,72,149,0,22,1,16.734815,0.0,1012,52,16.971752,1e-06,699,52,1
61.177.172.104,192.168.10.5,202304201950,0,8,8,0,22,1,-10000,-10000,-10000,-10000,20.363965,0.626848,52,52,1
45.120.69.147,192.168.10.5,202304201951,12,13,25,0,22,1,1.057183,0.000353,1028,52,0.97357,0.00068,699,52,1
89.248.165.109,192.168.10.5,202304201951,16,16,32,0,18975,1,1.272927,0.0,163,52,1.008819,0.0,60,52,1
80.66.83.55,192.168.10.5,202304201951,3,1,4,0,5599,1,0.244938,0.024775,44,40,-10000,-10000,44,44,1
139.59.7.115,192.168.10.5,202304201951,14,13,27,0,22,1,1.143879,0.0,1028,52,0.974192,0.000542,699,52,1
185.156.73.53,192.168.10.5,202304201951,1,1,2,0,441,1,-10000,-10000,44,44,-10000,-10000,40,40,1
162.216.149.44,192.168.10.5,202304201950,8,6,14,0,9940,1,48.729498,0.0,377,40,48.900189,0.0,60,44,1
125.124.103.150,192.168.10.5,202304201951,5,5,10,0,5900,1,0.191816,0.0,64,52,0.19067,0.001051,64,52,1
128.1.61.199,192.168.10.5,202304201951,2,1,3,0,9091,1,0.075587,0.075587,44,40,-10000,-10000,44,44,1
82.156.165.91,192.168.10.5,202304201951,6,6,12,0,6379,1,0.864306,0.0,60,40,0.646859,0.032076,64,52,1
170.64.134.89,192.168.10.5,202304201951,2,1,3,0,4433,1,0.178428,0.178428,44,40,-10000,-10000,44,44,1
61.177.172.90,192.168.10.5,202304201951,11,11,22,0,22,1,0.490323,0.0,908,52,0.447782,0.000297,699,52,1
177.200.1.53,192.168.10.5,202304201950,110,137,247,0,22,1,58.609936,0.0,1028,52,58.90706,0.0,788,52,1
82.65.96.40,192.168.10.5,202304201951,12,15,27,0,22,1,1.27676,0.000321,1028,52,0.973445,0.0,676,52,1
188.166.41.217,192.168.10.5,202304201951,12,14,26,0,22,1,1.270835,0.0,1028,52,0.974247,0.000548,699,52,1
149.56.200.166,192.168.10.5,202304201952,2,1,3,0,15139,1,0.164118,0.164118,44,40,-10000,-10000,44,44,1
92.204.139.216,192.168.10.5,202304201952,3,1,4,0,2376,1,0.172434,0.052448,44,40,-10000,-10000,44,44,1
192.168.10.4,192.168.10.5,202304201952,32,11,43,0,64297,1,5.039342,0.0,575,52,5.039324,0.0,3876,52,1
205.210.31.226,192.168.10.5,202304201952,6,5,11,0,110,1,0.509112,0.001524,50,44,0.51124,0.000246,62,40,1
106.14.107.14,192.168.10.5,202304201952,5,5,10,0,5900,1,0.170356,0.0,64,52,0.169571,0.001208,64,52,1
106.15.229.166,192.168.10.5,202304201952,5,5,10,0,5900,1,0.190635,0.000255,64,52,0.189633,0.000854,64,52,1
68.183.132.72,192.168.10.5,202304201952,14,13,27,0,22,1,1.171285,0.0,1028,52,0.973353,0.000906,699,52,1
123.59.28.66,192.168.10.5,202304201952,6,5,11,0,6379,1,0.510014,0.002298,66,52,0.510014,0.110696,64,52,1
167.248.133.141,192.168.10.5,202304201952,2,1,3,0,16992,1,0.135314,0.135314,44,40,-10000,-10000,44,44,1
187.23.136.192,192.168.10.5,202304201952,14,14,28,0,22,1,1.38943,0.0,1028,52,0.974668,0.000106,676,52,1
167.248.133.126,192.168.10.5,202304201952,14,9,23,0,16992,1,1.155256,0.0,295,40,1.145829,0.0,60,52,1
61.177.173.62,192.168.10.5,202304201952,2,2,4,0,22,1,1.213535,1.213535,44,40,1.013546,1.013546,44,44,1
162.142.125.160,192.168.10.5,202304201952,2,1,3,0,16992,1,0.135713,0.135713,60,40,-10000,-10000,60,60,1
187.102.174.154,192.168.10.5,202304201952,90,122,212,0,22,1,1.285799,0.0,1028,52,0.973894,0.000401,788,52,1
185.73.124.152,192.168.10.5,202304201952,4,3,7,0,3389,1,0.300174,0.002651,83,40,0.241665,0.056093,59,40,1
36.105.100.113,192.168.10.5,202304201952,5,6,11,0,5900,1,1.028109,0.000911,64,52,0.773965,0.0012,64,52,1
185.224.128.17,192.168.10.5,202304201952,2,1,3,0,8989,1,0.240337,0.240337,44,40,-10000,-10000,44,44,1
125.228.44.223,192.168.10.5,202304201952,2,1,3,0,23,1,0.048574,0.048574,44,40,-10000,-10000,44,44,1
45.120.69.147,192.168.10.5,202304201952,12,15,27,0,22,1,1.060495,0.0,1028,52,0.97555,0.0,699,52,1
182.71.6.166,192.168.10.5,202304201950,20,15,35,0,3389,1,38.025131,0.0,83,40,38.189401,0.050135,59,40,1
139.59.7.115,192.168.10.5,202304201952,14,15,29,0,22,1,1.141347,1e-06,1028,52,0.970532,0.000231,676,52,1
157.230.230.103,192.168.10.5,202304201952,3,1,4,0,7517,1,0.154391,0.019216,44,40,-10000,-10000,44,44,1
162.216.149.100,192.168.10.5,202304201952,8,6,14,0,49134,1,48.308427,0.001929,259,40,48.476107,0.0,60,44,1
23.83.226.139,192.168.10.5,202304201952,16,15,31,0,22,1,5.506065,0.000871,1028,52,5.747306,9.3e-05,676,52,1
82.65.96.40,192.168.10.5,202304201953,12,15,27,0,22,1,1.27752,0.0,1028,52,0.975979,0.0,676,52,1
43.143.193.44,192.168.10.5,202304201953,3,1,4,0,2375,1,0.197468,0.035514,44,40,-10000,-10000,44,44,1
107.150.102.239,192.168.10.5,202304201953,1,1,2,0,7,1,-10000,-10000,44,44,-10000,-10000,40,40,1
162.216.150.165,192.168.10.5,202304201952,8,6,14,0,47982,1,50.535947,0.00235,259,40,50.703459,0.0,60,44,1
84.123.218.7,192.168.10.5,202304201953,14,15,29,0,22,1,1.284181,0.007495,1028,52,0.97546,0.00102,676,52,1
1.15.246.69,192.168.10.5,202304201953,5,3,8,0,6379,1,0.262369,1e-06,66,52,0.26237,0.166203,60,52,1
185.156.73.53,192.168.10.5,202304201953,3,1,4,0,26979,1,0.242569,0.003787,44,40,-10000,-10000,44,44,1
124.156.210.106,192.168.10.5,202304201953,13,15,28,0,22,1,1.028387,0.001276,1028,52,0.973884,0.00055,676,52,1
106.75.251.199,192.168.10.5,202304201953,5,5,10,0,5900,1,0.171642,0.0,64,52,0.171023,0.001052,64,52,1
183.255.49.86,192.168.10.5,202304201953,5,5,10,0,5900,1,0.112304,1e-06,64,52,0.111257,0.001047,64,52,1
170.64.134.89,192.168.10.5,202304201953,31,32,63,0,4433,1,1.198923,0.0,180,52,1.00867,0.0,60,52,1
187.102.174.154,192.168.10.5,202304201953,12,14,26,0,22,1,1.295854,0.0,1028,52,0.973327,0.0,676,52,1
101.34.37.129,192.168.10.5,202304201953,5,5,10,0,5900,1,0.19926,1e-06,64,52,0.19812,0.001141,64,52,1
104.248.81.55,192.168.10.5,202304201953,2,1,3,0,22,1,0.242406,0.242406,44,40,-10000,-10000,44,44,1
182.61.45.113,192.168.10.5,202304201953,3,8,11,0,5900,1,2.006614,1.002109,60,60,16.239757,0.986912,60,60,1
162.243.149.10,192.168.10.5,202304201953,1,6,7,0,7222,1,-10000,-10000,44,44,16.239565,1.014866,44,44,1
43.134.47.232,192.168.10.5,202304201953,12,14,26,0,22,1,1.14119,0.000365,1028,52,0.972259,0.000855,676,52,1
36.134.47.247,192.168.10.5,202304201953,5,5,10,0,5900,1,0.109039,0.0,64,52,0.108071,0.000506,64,52,1
149.56.200.166,192.168.10.5,202304201953,4,4,8,0,15139,1,1.177329,0.0,60,52,1.173479,0.0,60,52,1
159.203.105.247,192.168.10.5,202304201953,14,13,27,0,22,1,1.177894,0.0,1028,52,0.975915,0.000809,699,52,1
188.166.41.217,192.168.10.5,202304201953,12,14,26,0,22,1,1.26172,0.000171,1028,52,0.973061,0.000246,699,52,1
91.240.118.75,192.168.10.5,202304201954,3,1,4,0,3209,1,0.270576,0.001901,44,40,-10000,-10000,44,44,1
177.92.22.182,192.168.10.5,202304201953,12,14,26,0,22,1,1.309255,6.1e-05,1028,52,0.974067,4.9e-05,699,52,1
45.120.69.147,192.168.10.5,202304201954,13,15,28,0,22,1,1.059481,0.0,1028,40,0.973507,0.000546,699,52,1
162.216.150.15,192.168.10.5,202304201953,8,6,14,0,9646,1,45.769034,0.0,377,40,45.9389,1e-06,60,44,1
61.177.172.19,192.168.10.5,202304201954,12,12,24,0,22,1,0.518367,0.000292,908,40,0.519619,0.000795,699,52,1
68.183.132.72,192.168.10.5,202304201954,14,13,27,0,22,1,1.169386,0.0,1028,52,0.974216,0.000629,699,52,1
195.3.147.52,192.168.10.5,202304201953,20,23,43,0,22,1,36.698735,0.000965,944,40,36.981191,0.001055,888,40,1
147.182.225.86,192.168.10.5,202304201953,249,190,439,0,8443,2,15.161349,0.0,1589,52,15.323472,0.0,1503,40,1
173.212.231.48,192.168.10.5,202304201953,9,7,16,0,22,1,14.16894,0.000311,1028,40,14.168999,0.003355,699,52,1
139.59.7.115,192.168.10.5,202304201954,14,14,28,0,22,1,1.144606,0.0,1028,52,0.971086,4.6e-05,699,52,1
45.233.58.140,192.168.10.5,202304201954,14,14,28,0,22,1,1.358009,0.0,1028,52,0.975763,0.000643,699,52,1
82.65.96.40,192.168.10.5,202304201954,12,14,26,0,22,1,1.27267,1e-06,1028,52,0.97159,0.000605,676,52,1
156.232.12.137,192.168.10.5,202304201954,14,14,28,0,22,1,1.126039,0.0,1028,52,0.975504,0.000197,699,52,1
177.200.1.53,192.168.10.5,202304201953,110,135,245,0,22,1,55.692583,0.0,1028,52,55.988587,0.0,788,52,1
35.203.210.115,192.168.10.5,202304201953,8,6,14,0,9853,1,51.675982,0.000168,377,40,51.898586,0.0,60,44,1
84.123.218.7,192.168.10.5,202304201954,14,15,29,0,22,1,1.283061,0.004364,1028,52,0.975045,0.001006,676,52,1
92.204.139.216,192.168.10.5,202304201954,6,5,11,0,2376,1,1.176709,0.0,178,52,1.008241,1e-06,60,52,1
198.235.24.74,192.168.10.5,202304201954,1,1,2,0,987,1,-10000,-10000,44,44,-10000,-10000,40,40,1
187.102.174.154,192.168.10.5,202304201954,12,14,26,0,22,1,1.297585,0.000296,1028,52,0.973868,0.0,676,52,1
188.166.41.217,192.168.10.5,202304201954,12,13,25,0,22,1,1.290882,5.8e-05,1028,52,1.002896,0.000781,699,52,1
68.183.85.77,192.168.10.5,202304201955,3,1,4,0,13322,1,0.123301,0.000981,44,40,-10000,-10000,44,44,1
8.47.15.101,192.168.10.5,202304201955,3,1,4,0,2096,1,0.14278,0.016383,44,40,-10000,-10000,44,44,1
68.183.132.72,192.168.10.5,202304201955,14,13,27,0,22,1,1.178139,0.0,1028,52,1.016749,0.001419,699,52,1
45.120.69.147,192.168.10.5,202304201955,13,15,28,0,22,1,1.057467,0.000477,1028,40,0.972897,0.000689,699,52,1
35.203.211.173,192.168.10.5,202304201954,8,6,14,0,9109,1,45.437149,0.000298,377,40,45.659134,1e-06,60,44,1
43.134.47.232,192.168.10.5,202304201955,90,121,211,0,22,1,1.139041,0.0,1028,52,0.974144,0.0,788,52,1
122.114.15.135,192.168.10.5,202304201955,5,5,10,0,5900,1,0.07693,0.000331,64,52,0.076726,0.00045,64,52,1
139.59.7.115,192.168.10.5,202304201955,14,14,28,0,22,1,1.208543,0.0,1028,52,1.04153,0.000403,699,52,1
82.65.96.40,192.168.10.5,202304201955,12,13,25,0,22,1,1.293539,0.0,1028,52,0.992863,0.000597,699,52,1
124.156.210.106,192.168.10.5,202304201955,12,14,26,0,22,1,1.029814,1e-06,1028,52,0.973156,0.000704,699,52,1
45.233.58.140,192.168.10.5,202304201955,14,13,27,0,22,1,1.390871,0.0,1028,52,0.968908,0.000699,699,52,1
187.23.136.192,192.168.10.5,202304201955,96,125,221,0,22,1,1.380529,0.0,1028,52,0.973879,0.0,788,52,1
36.133.130.233,192.168.10.5,202304201955,5,5,10,0,5900,1,0.099768,0.0,64,52,0.098571,0.001001,64,52,1
177.200.1.53,192.168.10.5,202304201955,14,14,28,0,22,1,1.313845,0.0,1028,52,0.974683,0.000596,699,52,1
159.65.220.18,192.168.10.5,202304201953,125,151,276,0,22,1,62.553787,0.0,1028,40,62.709319,4.9e-05,788,52,1
182.71.6.166,192.168.10.5,202304201953,20,15,35,0,3389,1,38.143974,0.0,83,40,38.292259,0.041323,59,40,1
89.248.165.14,192.168.10.5,202304201955,18,15,33,0,35813,1,1.257524,0.0,115,40,1.008539,0.0,60,52,1
94.102.61.31,192.168.10.5,202304201956,1,0,0,1,17,1,-10000,-10000,130,130,-10000,-10000,-10000,-10000,1
162.243.149.10,192.168.10.5,202304201956,5,5,10,0,7222,1,1.132892,0.0,76,52,1.0087,0.0,60,52,1
212.83.128.90,192.168.10.5,202304201955,5,4,9,0,6061,1,43.765651,0.0,195,40,1.008604,0.000146,52,40,1
198.235.24.86,192.168.10.5,202304201955,8,7,15,0,4444,1,54.850321,0.0,259,40,54.898745,0.0,154,40,1
159.203.105.247,192.168.10.5,202304201955,110,136,246,0,22,1,51.526104,0.0,1028,52,51.686753,4.8e-05,788,52,1
68.183.85.77,192.168.10.5,202304201956,5,4,9,0,13322,1,1.128518,0.0,60,52,1.128192,0.0,60,52,1
177.92.22.182,192.168.10.5,202304201956,12,14,26,0,22,1,1.308306,0.0,1028,52,0.974938,0.000599,699,52,1
68.183.132.72,192.168.10.5,202304201956,15,15,30,0,22,1,1.177294,1e-06,1028,40,0.973257,0.000698,699,52,1
187.102.174.154,192.168.10.5,202304201956,12,14,26,0,22,1,1.286101,0.0,1028,52,0.976257,0.000617,699,52,1
36.134.122.227,192.168.10.5,202304201956,6,6,12,0,5900,1,0.3789,0.0,64,52,0.378899,0.000673,64,52,1
113.142.66.88,192.168.10.5,202304201956,5,5,10,0,5900,1,0.233358,0.0,64,52,0.232818,0.000552,64,52,1
45.120.69.147,192.168.10.5,202304201956,13,15,28,0,22,1,1.058106,0.000235,1028,40,0.973358,0.000645,699,52,1
134.255.218.127,192.168.10.5,202304201956,4,3,7,0,3389,1,0.300523,0.001144,83,40,0.24366,0.055094,59,40,1
92.63.197.82,192.168.10.5,202304201956,3,1,4,0,22517,1,0.248811,0.00184,44,40,-10000,-10000,44,44,1
104.248.81.55,192.168.10.5,202304201955,77,77,154,0,22,1,14.648962,0.0,1012,52,14.891334,0.0,699,52,1
35.203.210.19,192.168.10.5,202304201955,20,18,38,0,4389,1,49.924055,0.0,464,40,50.142533,0.0,60,40,1
35.203.211.125,192.168.10.5,202304201956,8,6,14,0,9025,1,43.345293,0.0,377,40,43.565311,1e-06,60,44,1
107.170.238.10,192.168.10.5,202304201956,1,6,7,0,8081,1,-10000,-10000,44,44,16.239746,1.012275,44,44,1
43.134.47.232,192.168.10.5,202304201956,12,15,27,0,22,1,1.103455,0.000887,1028,52,0.973655,0.000197,676,52,1
124.156.210.106,192.168.10.5,202304201956,94,122,216,0,22,1,1.028548,0.000134,1028,52,0.974218,0.0,788,52,1
139.59.7.115,192.168.10.5,202304201956,14,13,27,0,22,1,1.143972,0.0,1028,52,0.974187,0.000711,699,52,1
187.23.136.192,192.168.10.5,202304201956,14,15,29,0,22,1,1.407903,1e-06,1028,52,0.976854,0.000617,676,52,1
159.65.220.18,192.168.10.5,202304201956,14,13,27,0,22,1,1.177904,0.0,1028,52,0.973327,0.000903,699,52,1
223.15.55.189,192.168.10.5,202304201957,2,1,3,0,23,1,0.220053,0.220053,44,40,-10000,-10000,44,44,1
82.65.96.40,192.168.10.5,202304201957,12,14,26,0,22,1,1.280661,0.0,1028,52,0.973849,0.0,699,52,1
170.106.115.39,192.168.10.5,202304201956,17,14,31,0,10031,1,10.008963,0.0,295,40,10.127259,0.0,60,52,1
177.200.1.53,192.168.10.5,202304201957,14,14,28,0,22,1,1.341503,0.0,1028,52,1.000045,9.4e-05,699,52,1
64.185.227.155,192.168.10.5,202304201957,11,13,24,0,38294,1,0.172463,0.0,2628,52,1.032496,0.0,575,40,1
84.123.218.7,192.168.10.5,202304201955,110,140,250,0,22,1,55.542358,0.001543,1028,52,55.806136,0.000897,788,52,1
159.203.105.247,192.168.10.5,202304201957,14,14,28,0,22,1,1.171681,0.0,1028,52,0.973402,0.000897,699,52,1
23.83.226.139,192.168.10.5,202304201956,114,120,234,0,22,1,4.409224,0.0,1028,52,4.446734,0.000398,788,52,1
177.92.22.182,192.168.10.5,202304201957,12,14,26,0,22,1,1.305765,0.00022,1028,52,1.016758,0.000146,699,52,1
222.135.15.99,192.168.10.5,202304201957,2,1,3,0,23,1,0.052825,0.052825,44,40,-10000,-10000,44,44,1
187.102.174.154,192.168.10.5,202304201957,12,13,25,0,22,1,1.290223,1e-06,1028,52,0.975809,0.000807,699,52,1
156.232.12.137,192.168.10.5,202304201955,124,148,272,0,22,1,66.124744,0.0,1028,52,66.235761,0.000148,788,52,1
218.58.139.231,192.168.10.5,202304201957,5,5,10,0,5900,1,0.058663,0.0,64,52,0.057717,0.000947,64,52,1
45.120.69.147,192.168.10.5,202304201957,12,14,26,0,22,1,1.053378,1e-06,1028,52,0.971701,9.5e-05,676,52,1
159.65.220.18,192.168.10.5,202304201958,14,13,27,0,22,1,1.172823,0.0,1028,52,0.973514,0.000702,699,52,1
208.67.106.106,192.168.10.5,202304201958,5,5,10,0,9096,1,1.254258,0.00241,85,40,1.008276,1e-06,52,40,1
162.216.149.8,192.168.10.5,202304201957,8,6,14,0,39080,1,43.731671,0.0,378,40,43.898921,0.0,60,44,1
124.156.210.106,192.168.10.5,202304201958,14,14,28,0,22,1,1.028682,0.000865,1028,52,0.973449,0.000296,676,52,1
46.3.223.131,192.168.10.5,202304201958,1,0,1,0,3306,1,-10000,-10000,44,44,-10000,-10000,-10000,-10000,1
188.166.41.217,192.168.10.5,202304201956,114,153,267,0,22,1,60.757802,0.0,1028,52,61.011056,4.9e-05,788,52,1
139.59.7.115,192.168.10.5,202304201958,14,14,28,0,22,1,1.151056,0.0,1028,52,0.975778,0.000349,699,52,1
43.134.47.232,192.168.10.5,202304201958,12,15,27,0,22,1,1.135077,0.000741,1028,52,0.974273,0.0,676,52,1
92.63.197.82,192.168.10.5,202304201958,3,1,4,0,39465,1,0.238332,0.005686,44,40,-10000,-10000,44,44,1
185.156.73.53,192.168.10.5,202304201958,3,1,4,0,38330,1,0.248442,0.003612,44,40,-10000,-10000,44,44,1
84.123.218.7,192.168.10.5,202304201958,14,16,30,0,22,1,1.375123,0.010045,1028,52,1.060211,0.00088,676,52,1
177.200.1.53,192.168.10.5,202304201958,14,14,28,0,22,1,1.311842,0.0,1028,52,0.972341,0.001446,699,52,1
82.65.96.40,192.168.10.5,202304201958,12,14,26,0,22,1,1.279169,0.0,1028,52,0.976587,0.000284,699,52,1
177.92.22.182,192.168.10.5,202304201958,12,13,25,0,22,1,1.305525,0.0,1028,52,0.973947,0.001146,699,52,1
45.233.58.140,192.168.10.5,202304201957,110,134,244,0,22,1,58.364631,0.0,1028,52,58.708916,0.000157,788,52,1
187.23.136.192,192.168.10.5,202304201958,14,14,28,0,22,1,1.394152,0.0,1028,52,0.977151,0.000835,699,52,1
150.158.50.247,192.168.10.5,202304201958,5,5,10,0,5900,1,0.168049,1e-06,64,52,0.167402,0.000647,64,52,1
184.168.21.249,192.168.10.5,202304201958,1,0,1,0,445,1,-10000,-10000,44,44,-10000,-10000,-10000,-10000,1
113.27.37.12,192.168.10.5,202304201958,1,6,7,0,23,1,-10000,-10000,44,44,16.239603,1.013799,44,44,1
