address,partner,date,rcv_packet_count,snd_packet_count,tcp_count,udp_count,most_port,port_count,rcv_max_int,rcv_min_int,rcv_max_len,rcv_min_len,snd_max_int,snd_min_int,snd_max_len,snd_min_len,label
184.105.139.118,192.168.10.5,202305250959,5,5,10,0,8080,1,1.12192,0.0,168,40,1.008149,0.0,48,40,1
162.243.138.7,192.168.10.5,202305250958,1,6,7,0,8032,1,-10000,-10000,44,44,16.24026,1.014616,44,44,1
128.116.43.2,192.168.10.5,202305250957,22,51,73,0,80,2,37.227438,0.004025,52,40,37.477596,0.0,52,52,1
217.76.52.235,192.168.10.5,202305250959,25,25,50,0,5900,1,0.337023,0.0,64,52,0.337023,0.000751,64,52,1
91.240.118.77,192.168.10.5,202305250959,3,1,4,0,3203,1,0.27786,0.007529,44,40,-10000,-10000,44,44,1
176.113.115.104,192.168.10.5,202305250959,3,1,4,0,49084,1,0.271808,0.001557,44,40,-10000,-10000,44,44,1
34.150.151.216,192.168.10.5,202305250959,3,1,4,0,27017,1,0.148664,0.110573,44,40,-10000,-10000,44,44,1
184.105.139.98,192.168.10.5,202305250959,5,5,10,0,8080,1,1.121867,0.002136,283,40,1.007905,0.0,48,40,1
34.140.248.32,192.168.10.5,202305250958,40,52,92,0,27017,4,37.348914,0.0,328,52,32.923105,0.0,253,52,1
80.66.88.19,192.168.10.5,202305250959,70,69,139,0,2433,14,1.274676,0.0,92,40,1.008456,0.0,83,40,1
217.76.52.212,192.168.10.5,202305250959,25,25,50,0,5900,1,11.075218,0.0,64,52,11.075218,0.000592,64,52,1
120.55.74.212,192.168.10.5,202305250959,5,3,8,0,6379,1,0.166683,0.0,66,40,0.169333,0.0,60,40,1
205.185.113.140,192.168.10.5,202305250959,12,14,26,0,22,1,1.141677,0.0,1028,52,0.974012,0.0,699,52,1
217.76.52.222,192.168.10.5,202305250959,25,25,50,0,5900,1,3.525787,0.0,64,52,3.525458,0.000684,64,52,1
217.76.52.234,192.168.10.5,202305250959,25,25,50,0,5900,1,0.558204,0.0,64,52,0.558203,0.001251,64,52,1
162.243.48.133,192.168.10.5,202305250959,12,13,25,0,22,1,1.169201,1e-06,1028,52,0.97338,0.00088,699,52,1
95.214.27.136,192.168.10.5,202305250959,11,7,18,0,5555,1,44.602758,0.0,396,40,0.889902,0.000341,199,44,1
45.118.139.90,192.168.10.5,202305250959,4,3,7,0,3389,1,0.150637,0.001156,83,40,0.092809,0.055742,59,40,1
81.30.158.191,192.168.10.5,202305250959,5,5,10,0,5900,1,0.25756,0.006865,64,52,0.263104,0.001,64,52,1
152.89.198.103,192.168.10.5,202305250959,3,1,4,0,49085,1,0.280628,0.003071,44,40,-10000,-10000,44,44,1
116.63.171.234,192.168.10.5,202305251000,5,6,11,0,5900,1,0.479194,0.0,64,52,0.368588,0.001873,64,52,1
118.89.56.206,192.168.10.5,202305251000,5,7,12,0,5900,1,1.435865,1e-06,64,52,0.620093,0.001274,64,52,1
119.23.228.24,192.168.10.5,202305251000,5,5,10,0,5900,1,0.210506,0.0,64,52,0.210701,0.001522,64,52,1
106.55.7.207,192.168.10.5,202305251000,5,6,11,0,5900,1,0.858408,0.000398,64,52,0.647068,0.001937,64,52,1
83.48.70.199,192.168.10.5,202305250959,8,6,14,0,3389,1,40.56729,0.000348,83,40,40.872163,0.033646,59,40,1
94.102.49.43,192.168.10.5,202305251000,6,2,8,0,49895,2,6.023827,0.00253,44,40,6.272719,6.272719,44,44,1
162.216.149.183,192.168.10.5,202305251000,1,1,2,0,463,1,-10000,-10000,44,44,-10000,-10000,40,40,1
103.162.36.21,192.168.10.5,202305251000,4,3,7,0,3389,1,0.152618,0.000659,83,40,0.08845,0.06419,59,40,1
217.76.52.235,192.168.10.5,202305251000,25,25,50,0,5900,1,2.22137,0.0,64,52,2.221371,0.001041,64,52,1
217.76.52.212,192.168.10.5,202305251000,15,15,30,0,5900,1,0.388738,0.0,64,52,0.388738,0.001127,64,52,1
54.39.186.162,192.168.10.5,202305251001,4,3,7,0,3389,1,0.215763,4.6e-05,83,40,0.164781,0.047632,59,40,1
217.76.52.234,192.168.10.5,202305251001,10,10,20,0,5900,1,0.25644,0.0,64,52,0.255208,0.0011,64,52,1
94.201.93.94,192.168.10.5,202305251001,4,3,7,0,3389,1,0.239325,0.001332,83,40,0.159539,0.079334,59,40,1
114.35.28.110,192.168.10.5,202305251001,26,29,55,0,23,1,0.11909,0.0,113,40,0.097185,1e-06,1015,40,1
113.142.66.88,192.168.10.5,202305251001,5,5,10,0,5900,1,0.223986,1e-06,64,52,0.225131,0.001437,64,52,1
110.40.208.171,192.168.10.5,202305251001,5,5,10,0,5900,1,0.176626,1e-06,64,52,0.176065,0.001091,64,52,1
106.14.106.97,192.168.10.5,202305251001,5,5,10,0,5900,1,0.180052,0.0,64,52,0.179413,0.000899,64,52,1
190.217.48.35,192.168.10.5,202305251001,4,3,7,0,3389,1,0.275628,0.0,83,40,0.231288,0.042659,59,40,1
124.223.73.187,192.168.10.5,202305251001,5,5,10,0,5900,1,0.183618,0.0,64,52,0.182569,0.001339,64,52,1
162.216.150.113,192.168.10.5,202305251000,8,6,14,0,51443,1,52.452185,0.001144,259,40,52.620198,0.0,60,44,1
205.210.31.186,192.168.10.5,202305251001,4,4,8,0,5984,1,1.350654,0.0,44,44,1.530976,0.0,44,40,1
205.210.31.19,192.168.10.5,202305251001,4,4,8,0,5905,1,1.299623,0.0,44,44,1.471723,1e-06,44,40,1
128.199.66.208,192.168.10.5,202305250946,483,495,978,0,22,1,31.639188,0.0,1028,52,31.713765,0.0,788,52,1
162.216.150.92,192.168.10.5,202305251001,6,5,11,0,37315,1,1.1744,1e-06,378,52,1.007809,0.0,60,52,1
128.116.43.2,192.168.10.5,202305251001,20,12,32,0,443,2,12.86007,0.001018,52,40,13.14948,0.059432,52,52,1
179.43.163.132,192.168.10.5,202305251001,6,5,11,0,4719,1,1.272646,0.00014,60,40,1.270067,0.0,60,44,1
94.102.49.43,192.168.10.5,202305251001,6,2,8,0,48179,2,26.68829,0.002328,44,40,26.933405,26.933405,44,44,1
139.99.134.153,192.168.10.5,202305251001,5,5,10,0,5900,1,0.148674,0.000136,64,52,0.146824,0.0017,64,52,1
101.43.111.184,192.168.10.5,202305251001,5,5,10,0,5900,1,0.176297,0.0,64,52,0.175205,0.001093,64,52,1
83.48.70.199,192.168.10.5,202305251002,4,4,8,0,3389,1,0.374975,0.0,83,40,0.315165,0.0,59,40,1
217.76.52.235,192.168.10.5,202305251002,25,25,50,0,5900,1,1.520363,0.0,64,52,1.520362,0.000804,64,52,1
205.210.31.46,192.168.10.5,202305251001,8,6,14,0,30006,1,57.519558,0.0,378,40,57.670164,0.0,60,44,1
162.243.48.133,192.168.10.5,202305251002,12,14,26,0,22,1,1.176832,0.000526,1028,52,0.973507,0.000925,676,52,1
217.76.52.212,192.168.10.5,202305251002,25,25,50,0,5900,1,10.150257,0.0,64,52,10.150258,0.001019,64,52,1
217.76.52.222,192.168.10.5,202305251002,25,25,50,0,5900,1,2.125149,0.0,64,52,2.125148,0.000602,64,52,1
194.26.29.152,192.168.10.5,202305251002,3,1,4,0,3573,1,0.282781,0.01691,44,40,-10000,-10000,44,44,1
111.90.33.178,192.168.10.5,202305251002,8,7,15,0,3389,1,1.06781,0.0,83,40,1.034548,0.033188,59,40,1
217.76.52.234,192.168.10.5,202305251002,25,25,50,0,5900,1,0.958407,0.0,64,52,0.958407,0.001,64,52,1
205.185.113.140,192.168.10.5,202305251002,12,14,26,0,22,1,1.146045,1e-06,1028,52,0.971265,0.000488,699,52,1
35.203.210.43,192.168.10.5,202305251002,4,4,8,0,21949,1,1.531216,0.0,44,44,1.260962,0.0,44,40,1
171.249.163.194,192.168.10.5,202305251002,4,3,7,0,3389,1,0.359598,0.00036,83,40,0.220436,0.136791,59,40,1
94.201.93.94,192.168.10.5,202305251002,4,3,7,0,3389,1,0.203728,1e-06,83,40,0.153442,0.049972,59,40,1
83.48.125.216,192.168.10.5,202305251002,4,3,7,0,3389,1,0.330693,0.000624,83,40,0.309342,0.021125,59,40,1
118.194.253.73,192.168.10.5,202305251002,34,34,68,0,19350,1,1.052005,0.0,322,52,1.048548,0.0,60,52,1
89.248.168.220,192.168.10.5,202305251002,3,1,4,0,57113,1,0.254637,0.003528,44,40,-10000,-10000,44,44,1
47.106.134.146,192.168.10.5,202305251002,2,1,3,0,49152,1,0.210916,0.210916,44,44,-10000,-10000,44,44,1
162.142.125.251,192.168.10.5,202305251002,2,1,3,0,26809,1,0.157008,0.157008,44,40,-10000,-10000,44,44,1
162.142.125.12,192.168.10.5,202305251002,14,10,24,0,26809,1,1.159466,0.0,295,40,1.142433,0.0,60,40,1
185.81.68.110,192.168.10.5,202305251003,3,1,4,0,49087,1,0.280035,0.005629,44,40,-10000,-10000,44,44,1
162.142.125.160,192.168.10.5,202305251003,2,1,3,0,26809,1,0.159121,0.159121,60,40,-10000,-10000,60,60,1
94.102.49.43,192.168.10.5,202305251003,3,1,4,0,46795,1,0.234481,0.000624,44,40,-10000,-10000,44,44,1
35.203.210.228,192.168.10.5,202305251002,7,6,13,0,9106,1,52.848527,0.0,377,40,53.072102,0.0,60,44,1
47.252.10.101,192.168.10.5,202305251002,151,150,301,0,28818,1,1.18092,0.0,275,40,1.177487,0.0,60,44,1
89.248.165.214,192.168.10.5,202305251003,18,15,33,0,21720,1,1.24732,1e-06,115,40,1.008774,0.0,60,52,1
183.136.225.9,192.168.10.5,202305251003,1,0,0,1,27015,1,-10000,-10000,53,53,-10000,-10000,-10000,-10000,1
217.76.52.235,192.168.10.5,202305251003,25,25,50,0,5900,1,1.023617,0.0,64,52,1.023617,0.001147,64,52,1
162.243.48.133,192.168.10.5,202305251003,12,13,25,0,22,1,1.170773,0.0,1028,52,0.973002,0.001439,699,52,1
54.39.186.162,192.168.10.5,202305251003,4,3,7,0,3389,1,0.196837,0.00215,83,40,0.175822,0.020463,59,40,1
35.203.211.60,192.168.10.5,202305251002,7,6,13,0,9678,1,52.713107,0.0,377,40,52.93527,0.0,60,44,1
217.76.52.212,192.168.10.5,202305251003,25,25,50,0,5900,1,8.317329,0.0,64,52,8.317328,0.000849,64,52,1
217.76.52.222,192.168.10.5,202305251003,25,25,50,0,5900,1,1.580686,0.0,64,52,1.580478,0.000726,64,52,1
114.132.248.19,192.168.10.5,202305251003,6,8,14,0,5900,1,0.931508,0.0,64,52,0.699907,0.000953,64,52,1
217.76.52.234,192.168.10.5,202305251003,25,25,50,0,5900,1,2.02748,0.0,64,52,2.027339,0.000699,64,52,1
89.248.165.52,192.168.10.5,202305251003,3,1,4,0,2087,1,0.252255,0.004478,44,40,-10000,-10000,44,44,1
205.185.113.140,192.168.10.5,202305251003,12,13,25,0,22,1,1.143594,0.000925,1028,52,0.974073,0.001183,699,52,1
124.156.47.36,192.168.10.5,202305251003,5,5,10,0,5900,1,0.15225,0.0,64,52,0.152186,0.00114,64,52,1
35.203.211.20,192.168.10.5,202305251003,8,6,14,0,9296,1,56.643033,0.0,377,40,56.866116,1e-06,60,44,1
167.94.138.100,192.168.10.5,202305251004,2,1,3,0,10001,1,0.193649,0.193649,44,40,-10000,-10000,44,44,1
89.248.168.210,192.168.10.5,202305251004,3,1,4,0,59510,1,0.250745,0.002239,44,40,-10000,-10000,44,44,1
167.94.138.36,192.168.10.5,202305251004,5,3,8,0,10001,1,0.199526,0.000931,60,52,0.200103,0.000947,495,52,1
162.142.125.160,192.168.10.5,202305251004,2,1,3,0,10001,1,0.155201,0.155201,60,40,-10000,-10000,60,60,1
91.240.118.77,192.168.10.5,202305251004,3,1,4,0,15251,1,0.281175,0.003229,44,40,-10000,-10000,44,44,1
103.162.36.21,192.168.10.5,202305251004,4,3,7,0,3389,1,0.169338,0.002118,83,40,0.093573,0.074884,59,40,1
94.102.61.2,192.168.10.5,202305251001,14,22,36,0,8943,2,57.192685,0.0,259,44,34.482296,0.0,60,44,1
94.201.93.94,192.168.10.5,202305251004,4,3,7,0,3389,1,0.241616,0.001491,83,40,0.158637,0.083622,59,40,1
83.48.70.199,192.168.10.5,202305251003,12,9,21,0,3389,1,56.469916,0.0,83,40,56.777057,0.023529,59,40,1
89.248.165.109,192.168.10.5,202305251004,3,1,4,0,17042,1,0.253497,0.002106,44,40,-10000,-10000,44,44,1
47.252.10.101,192.168.10.5,202305251004,9,9,18,0,28818,1,1.18054,0.000341,96,52,1.174391,0.0,60,52,1
162.243.48.133,192.168.10.5,202305251004,12,14,26,0,22,1,1.176727,0.0,1028,52,0.971722,0.0,676,52,1
81.30.158.191,192.168.10.5,202305251004,5,5,10,0,5900,1,0.238944,0.002321,64,52,0.240363,0.000652,64,52,1
217.76.52.235,192.168.10.5,202305251004,25,25,50,0,5900,1,1.717071,0.0,64,52,1.71707,0.00092,64,52,1
217.76.52.212,192.168.10.5,202305251004,26,25,51,0,5900,1,5.070815,0.0,64,52,5.070815,0.000729,64,52,1
217.76.52.222,192.168.10.5,202305251005,25,25,50,0,5900,1,2.351267,0.0,64,52,2.351267,0.000974,64,52,1
217.76.52.234,192.168.10.5,202305251005,25,25,50,0,5900,1,2.922116,0.0,64,52,2.922116,0.0008,64,52,1
192.168.10.4,192.168.10.5,202305251005,36,13,49,0,64297,1,5.03932,0.0,575,52,5.039379,0.0,3876,40,1
205.185.113.140,192.168.10.5,202305251005,12,14,26,0,22,1,1.144826,0.0,1028,52,0.977451,0.000348,699,52,1
192.241.218.14,192.168.10.5,202305251004,1,6,7,0,4786,1,-10000,-10000,44,44,16.236106,1.034277,44,44,1
185.167.96.150,192.168.10.5,202305251005,2,1,3,0,6006,1,0.239151,0.239151,44,40,-10000,-10000,44,44,1
43.157.62.27,192.168.10.5,202305251005,17,13,30,0,51002,1,9.999039,0.0,295,40,10.248278,0.0,60,52,1
124.74.110.230,192.168.10.5,202305251005,3,1,4,0,2375,1,0.731628,0.203481,48,40,-10000,-10000,44,44,1
167.94.138.146,192.168.10.5,202305251005,2,1,3,0,25952,1,0.20675,0.20675,44,40,-10000,-10000,44,44,1
45.118.139.94,192.168.10.5,202305251005,4,3,7,0,3389,1,0.197543,0.002639,83,40,0.100247,0.097933,59,40,1
167.94.138.124,192.168.10.5,202305251005,16,12,28,0,25952,1,1.201734,0.0,295,40,1.198809,0.0,60,40,1
162.142.125.160,192.168.10.5,202305251005,2,1,3,0,25952,1,0.155651,0.155651,60,40,-10000,-10000,60,60,1
111.90.33.178,192.168.10.5,202305251006,8,6,14,0,3389,1,0.245516,0.0,83,40,0.282172,0.035977,59,40,1
162.243.48.133,192.168.10.5,202305251006,12,13,25,0,22,1,1.170736,0.0,1028,52,0.972848,0.001169,699,52,1
128.116.46.188,192.168.10.5,202305251005,22,11,33,0,443,2,17.282127,0.010389,52,40,17.416153,0.010388,52,52,1
107.170.227.15,192.168.10.5,202305251005,1,6,7,0,8040,1,-10000,-10000,44,44,16.240331,1.034522,44,44,1
54.39.186.162,192.168.10.5,202305251006,4,3,7,0,3389,1,0.248118,0.00093,83,40,0.17439,0.074491,59,40,1
64.62.197.208,192.168.10.5,202305251006,1,0,0,1,53,1,-10000,-10000,70,70,-10000,-10000,-10000,-10000,1
217.76.52.212,192.168.10.5,202305251006,25,25,50,0,5900,1,5.867387,0.0,64,52,5.867386,0.000625,64,52,1
217.76.52.235,192.168.10.5,202305251006,25,26,51,0,5900,1,0.758165,0.0,64,52,0.757816,0.001297,64,52,1
193.32.162.189,192.168.10.5,202305251006,2,1,3,0,34567,1,0.277304,0.277304,44,40,-10000,-10000,44,44,1
185.81.68.110,192.168.10.5,202305251006,3,1,4,0,49091,1,0.278553,0.002108,44,40,-10000,-10000,44,44,1
41.254.64.69,192.168.10.5,202305250955,2885,2097,4982,0,445,1,41.585118,0.0,2868,40,41.929301,0.0,221,40,1
217.76.52.222,192.168.10.5,202305251006,25,25,50,0,5900,1,1.61763,0.0,64,52,1.617631,0.001275,64,52,1
217.76.52.234,192.168.10.5,202305251006,25,25,50,0,5900,1,2.765984,0.0,64,52,2.765984,0.00072,64,52,1
192.241.218.14,192.168.10.5,202305251006,4,4,8,0,4786,1,1.127403,0.0,60,52,1.124577,0.0,60,52,1
14.224.149.47,192.168.10.5,202305251006,20,17,37,0,3389,1,1.223466,0.0,83,40,1.036803,0.0,59,40,1
218.94.53.250,192.168.10.5,202305251006,13,14,27,0,22,1,0.699476,0.0,1060,52,0.500883,0.0,676,52,1
83.48.70.199,192.168.10.5,202305251005,12,9,21,0,3389,1,56.74114,0.0,83,40,57.066427,0.018275,59,40,1
205.185.113.140,192.168.10.5,202305251006,12,14,26,0,22,1,1.143029,0.0,1028,52,0.972316,0.000132,699,52,1
45.118.139.90,192.168.10.5,202305251006,4,3,7,0,3389,1,0.158522,0.0,83,40,0.087787,0.068845,59,40,1
176.113.115.104,192.168.10.5,202305251006,3,1,4,0,49088,1,0.27763,0.004725,44,40,-10000,-10000,44,44,1
152.89.198.103,192.168.10.5,202305251006,3,1,4,0,49089,1,0.274662,0.004731,44,40,-10000,-10000,44,44,1
162.216.150.34,192.168.10.5,202305251005,8,6,14,0,37286,1,53.592621,0.002012,259,40,53.762908,0.0,60,44,1
190.217.48.35,192.168.10.5,202305251007,4,3,7,0,3389,1,0.265402,0.000354,83,40,0.225665,0.037568,59,40,1
195.144.21.56,192.168.10.5,202305251007,12,11,23,0,4848,1,2.486998,1e-06,303,52,2.806992,0.0,60,52,1
192.101.151.248,192.168.10.5,202305251007,1,0,1,0,5555,1,-10000,-10000,44,44,-10000,-10000,-10000,-10000,1
128.1.42.231,192.168.10.5,202305251007,2,1,3,0,9623,1,0.247256,0.247256,44,40,-10000,-10000,44,44,1
64.62.197.125,192.168.10.5,202305251007,11,7,18,0,8443,1,1.400713,0.0,278,40,1.518497,0.002341,1364,40,1
34.140.248.32,192.168.10.5,202305251007,6,5,11,0,9080,1,1.244026,0.0,316,52,1.009028,0.0,60,52,1
162.243.48.133,192.168.10.5,202305251007,12,14,26,0,22,1,1.172265,1e-06,1028,52,0.971796,0.000104,699,52,1
94.201.93.94,192.168.10.5,202305251007,8,7,15,0,3389,1,14.716334,0.0,83,40,14.874283,0.0,59,40,1
121.199.20.170,192.168.10.5,202305251007,2,1,3,0,49152,1,0.178412,0.178412,44,44,-10000,-10000,44,44,1
124.74.110.230,192.168.10.5,202305251007,32,27,59,0,2375,1,1.194343,0.0,153,40,1.008897,0.0,64,52,1
139.99.134.153,192.168.10.5,202305251007,5,5,10,0,5900,1,0.159617,0.001036,64,52,0.158176,0.001442,64,52,1
217.76.52.212,192.168.10.5,202305251007,25,25,50,0,5900,1,5.869004,0.0,64,52,5.869054,0.00084,64,52,1
217.76.52.235,192.168.10.5,202305251007,25,25,50,0,5900,1,1.464802,0.0,64,52,1.464803,0.000849,64,52,1
125.124.103.150,192.168.10.5,202305251007,5,5,10,0,5900,1,0.210555,0.0,64,52,0.211657,0.001407,64,52,1
198.235.24.117,192.168.10.5,202305251007,4,4,8,0,5985,1,1.353648,0.0,44,44,1.20795,1e-06,44,40,1
217.76.52.222,192.168.10.5,202305251007,26,26,52,0,5900,1,2.338216,0.0,64,52,2.338217,0.000887,64,52,1
217.76.52.234,192.168.10.5,202305251007,25,25,50,0,5900,1,2.951576,0.0,64,52,2.951575,0.000876,64,52,1
83.48.70.199,192.168.10.5,202305251007,4,3,7,0,3389,1,0.354768,0.001753,83,40,0.325535,0.027591,59,40,1
177.52.198.39,192.168.10.5,202305251007,7,4,11,0,23,1,30.212518,0.015476,60,40,30.488885,0.278157,60,44,1
125.212.243.141,192.168.10.5,202305251006,3,12,15,0,3389,1,0.102106,0.000627,83,40,41.244434,0.075601,59,40,1
64.62.197.135,192.168.10.5,202305251008,6,4,10,0,443,1,0.500438,0.0,465,40,0.627578,0.002771,1328,40,1
64.62.197.127,192.168.10.5,202305251008,6,4,10,0,443,1,0.501044,0.002631,465,40,0.623351,0.002103,1328,40,1
161.189.42.18,192.168.10.5,202305251008,5,5,10,0,5413,1,1.20675,0.0,111,52,1.00806,0.0,60,52,1
64.62.197.122,192.168.10.5,202305251006,25,19,44,0,8443,2,45.343828,0.0,453,40,45.460003,0.0,1328,40,1
64.62.197.130,192.168.10.5,202305251008,7,4,11,0,443,1,0.113145,0.0,467,40,0.112498,0.002303,1502,40,1
64.62.197.131,192.168.10.5,202305251008,7,4,11,0,443,1,0.120035,0.0,467,40,0.118844,0.002361,1502,40,1
64.62.197.136,192.168.10.5,202305251008,16,14,30,0,443,1,1.475451,1e-06,480,40,1.475582,0.000145,1326,40,1
205.185.113.140,192.168.10.5,202305251008,12,13,25,0,22,1,1.139421,0.0,1028,52,0.969253,0.001025,699,52,1
103.178.229.217,192.168.10.5,202305251007,11,7,18,0,5555,1,44.867314,1e-06,432,40,1.166684,0.000298,199,44,1
94.102.49.43,192.168.10.5,202305251008,3,1,4,0,46192,1,0.242716,0.002143,44,40,-10000,-10000,44,44,1
64.62.197.128,192.168.10.5,202305251008,16,12,28,0,8443,2,32.310925,0.0,457,40,32.310925,0.000104,1364,40,1
89.248.165.132,192.168.10.5,202305251008,3,1,4,0,13495,1,0.244264,0.000894,44,40,-10000,-10000,44,44,1
185.122.204.71,192.168.10.5,202305251008,3,1,4,0,49090,1,0.284106,0.000935,44,40,-10000,-10000,44,44,1
176.111.222.88,192.168.10.5,202305251008,1,0,0,1,1900,1,-10000,-10000,127,127,-10000,-10000,-10000,-10000,1
128.116.46.188,192.168.10.5,202305251007,20,10,30,0,80,2,46.618768,0.005936,52,40,46.757635,0.005936,52,52,1
54.39.186.162,192.168.10.5,202305251008,4,3,7,0,3389,1,0.225798,0.000614,83,40,0.1665,0.058121,59,40,1
80.82.77.144,192.168.10.5,202305251008,2,1,3,0,13000,1,0.229676,0.229676,44,40,-10000,-10000,44,44,1
162.243.48.133,192.168.10.5,202305251008,12,14,26,0,22,1,1.179965,0.0,1028,52,0.969496,0.000246,699,52,1
64.227.152.63,192.168.10.5,202305251008,3,1,4,0,10222,1,0.117357,0.002268,44,40,-10000,-10000,44,44,1
217.76.52.212,192.168.10.5,202305251008,25,25,50,0,5900,1,2.792168,0.0,64,52,2.792168,0.000756,64,52,1
217.76.52.235,192.168.10.5,202305251009,25,25,50,0,5900,1,1.395687,0.0,64,52,1.395687,0.000538,64,52,1
107.170.227.15,192.168.10.5,202305251009,5,5,10,0,8040,1,1.130489,1e-06,76,52,1.008348,0.0,60,52,1
217.76.52.234,192.168.10.5,202305251009,25,25,50,0,5900,1,2.569067,0.0,64,52,2.568873,0.000999,64,52,1
217.76.52.222,192.168.10.5,202305251009,25,25,50,0,5900,1,2.032242,0.0,64,52,2.032241,0.000917,64,52,1
125.212.243.141,192.168.10.5,202305251009,0,1,1,0,3389,1,-10000,-10000,-10000,-10000,-10000,-10000,59,59,1
89.248.168.210,192.168.10.5,202305251009,3,1,4,0,59806,1,0.22494,0.00593,44,40,-10000,-10000,44,44,1
81.30.158.191,192.168.10.5,202305251009,5,5,10,0,5900,1,0.249316,1e-06,64,52,0.248344,0.000972,64,52,1
103.158.96.154,192.168.10.5,202305251009,8,13,21,0,3389,1,15.73244,0.221033,83,40,12.111249,0.00513,59,40,1
111.90.33.178,192.168.10.5,202305251009,8,9,17,0,3389,1,0.561798,0.0,83,40,0.563932,0.02165,59,40,1
123.191.164.51,192.168.10.5,202305251009,1,6,7,0,23,1,-10000,-10000,44,44,16.239685,1.025037,44,44,1
205.185.113.140,192.168.10.5,202305251009,12,13,25,0,22,1,1.136778,0.0,1028,52,0.972552,0.001146,699,52,1
47.94.21.98,192.168.10.5,202305251009,7,3,10,0,6379,1,0.109032,0.0,66,40,0.110573,0.0,60,40,1
83.48.125.216,192.168.10.5,202305251009,4,3,7,0,3389,1,0.357387,1e-06,83,40,0.304939,0.050084,59,40,1
162.243.48.133,192.168.10.5,202305251010,12,13,25,0,22,1,1.168662,0.000547,1028,52,0.973327,0.001195,699,52,1
47.90.251.162,192.168.10.5,202305251009,151,151,302,0,28443,1,1.187173,0.0,275,40,1.176238,0.0,60,44,1
64.227.152.63,192.168.10.5,202305251010,5,4,9,0,10222,1,1.121308,1e-06,60,52,1.119923,0.0,60,52,1
83.48.70.199,192.168.10.5,202305251009,12,9,21,0,3389,1,36.89516,0.0,83,40,37.209812,0.023708,59,40,1
164.92.156.133,192.168.10.5,202305251009,239,199,438,0,32764,1,1.266291,0.0,275,40,1.254121,0.0,60,52,1
106.14.41.171,192.168.10.5,202305251010,5,5,10,0,5900,1,0.174574,0.0,64,52,0.173393,0.001523,64,52,1
124.221.178.222,192.168.10.5,202305251010,5,5,10,0,5900,1,0.190096,0.0,64,52,0.189326,0.000779,64,52,1
139.59.165.29,192.168.10.5,202305251010,2,1,3,0,443,1,0.235322,0.235322,44,40,-10000,-10000,44,44,1
217.76.52.212,192.168.10.5,202305251010,25,25,50,0,5900,1,4.01321,0.0,64,52,4.01321,0.000882,64,52,1
83.97.73.89,192.168.10.5,202305251010,12,11,23,0,443,1,1.226099,0.0,291,52,1.083612,0.0,2143,40,1
217.76.52.235,192.168.10.5,202305251010,25,25,50,0,5900,1,2.203848,0.0,64,52,2.203848,0.000926,64,52,1
194.26.29.195,192.168.10.5,202305251010,3,1,4,0,2309,1,0.305907,0.022367,44,40,-10000,-10000,44,44,1
65.49.20.111,192.168.10.5,202305251010,2,1,3,0,9000,1,0.117396,0.117396,44,40,-10000,-10000,44,44,1
217.76.52.234,192.168.10.5,202305251010,25,25,50,0,5900,1,3.522606,0.0,64,52,3.523052,0.000744,64,52,1
217.76.52.222,192.168.10.5,202305251010,25,26,51,0,5900,1,2.476144,0.0,64,52,2.476355,0.000799,64,52,1
35.203.211.4,192.168.10.5,202305251010,4,4,8,0,51225,1,1.469252,0.0,44,44,1.510583,0.0,44,40,1
122.114.15.135,192.168.10.5,202305251010,5,5,10,0,5900,1,0.102057,0.0,64,52,0.100719,0.001149,64,52,1
43.131.52.47,192.168.10.5,202305251010,17,13,30,0,8880,1,10.001209,0.0,295,40,10.250874,0.0,60,52,1
185.224.128.17,192.168.10.5,202305251010,17,16,33,0,5678,1,1.220138,0.0,134,40,0.98189,0.0,60,44,1
65.49.20.67,192.168.10.5,202305251010,10,10,20,0,9000,1,3.780223,0.000593,283,40,3.780647,0.0,48,40,1
162.216.150.142,192.168.10.5,202305251011,4,4,8,0,24913,1,1.193685,0.216507,44,44,1.224847,1e-06,44,40,1
59.80.22.112,192.168.10.5,202305251011,5,5,10,0,5900,1,0.108121,0.000253,64,52,0.108768,0.000752,64,52,1
205.185.113.140,192.168.10.5,202305251011,13,15,28,0,22,1,1.137713,1e-06,1028,40,0.971692,0.000595,699,52,1
54.39.186.162,192.168.10.5,202305251011,4,3,7,0,3389,1,0.210015,0.000898,83,40,0.172693,0.035556,59,40,1
47.90.251.162,192.168.10.5,202305251011,9,9,18,0,28443,1,1.179667,0.000593,96,52,1.178009,0.0,60,52,1
118.123.105.86,192.168.10.5,202305251010,1,6,7,0,1400,1,-10000,-10000,44,44,16.240133,1.019446,44,44,1
162.243.48.133,192.168.10.5,202305251011,12,14,26,0,22,1,1.180253,0.0,1028,52,0.977048,4.7e-05,699,52,1
94.102.61.2,192.168.10.5,202305251010,7,12,19,0,9053,1,65.33768,0.0,259,44,33.5731,0.0,60,44,1
125.212.243.141,192.168.10.5,202305251011,0,1,1,0,3389,1,-10000,-10000,-10000,-10000,-10000,-10000,59,59,1
45.86.190.21,192.168.10.5,202305251011,5,5,10,0,5900,1,0.22994,0.00301,64,52,0.231266,0.000973,64,52,1
109.237.109.36,192.168.10.5,202305251010,10,60,70,0,80,2,28.161429,0.048873,52,52,12.635925,0.0,52,52,1
83.48.70.199,192.168.10.5,202305251011,5,4,9,0,3389,1,0.326225,0.002168,83,40,0.328392,0.090136,59,40,1
94.201.93.94,192.168.10.5,202305251010,8,6,14,0,3389,1,60.481152,0.0,83,40,60.63945,0.027599,59,40,1
192.241.218.24,192.168.10.5,202305251011,1,0,0,1,3306,1,-10000,-10000,51,51,-10000,-10000,-10000,-10000,1
104.199.139.89,192.168.10.5,202305251011,1,1,2,0,873,1,-10000,-10000,44,44,-10000,-10000,40,40,1
217.76.52.212,192.168.10.5,202305251011,20,20,40,0,5900,1,3.247045,0.0,64,52,3.247045,0.001418,64,52,1
217.76.52.235,192.168.10.5,202305251011,20,20,40,0,5900,1,2.995627,0.0,64,52,2.995627,0.001096,64,52,1
91.240.118.221,192.168.10.5,202305251012,3,1,4,0,5402,1,0.279759,0.004415,44,40,-10000,-10000,44,44,1
185.224.128.213,192.168.10.5,202305251012,1,0,1,0,80,1,-10000,-10000,89,89,-10000,-10000,-10000,-10000,1
217.76.52.234,192.168.10.5,202305251011,25,25,50,0,5900,1,5.082102,0.0,64,52,5.082102,0.000424,64,52,1
217.76.52.222,192.168.10.5,202305251011,25,25,50,0,5900,1,3.461707,0.0,64,52,3.461601,0.000699,64,52,1
139.162.231.67,192.168.10.5,202305251012,2,1,3,0,443,1,0.223738,0.223738,44,40,-10000,-10000,44,44,1
45.118.139.94,192.168.10.5,202305251012,4,3,7,0,3389,1,0.109324,0.000302,83,40,0.086003,0.022366,59,40,1
146.88.240.4,192.168.10.5,202305251012,1,0,0,1,37810,1,-10000,-10000,29,29,-10000,-10000,-10000,-10000,1
45.134.144.212,192.168.10.5,202305251012,3,1,4,0,3306,1,0.220144,0.003321,44,40,-10000,-10000,44,44,1
103.162.36.21,192.168.10.5,202305251012,4,4,8,0,3389,1,0.19686,0.000299,83,40,0.09594,0.000287,59,40,1
205.210.31.52,192.168.10.5,202305251012,2,1,3,0,8080,1,0.153415,0.153415,44,40,-10000,-10000,44,44,1
162.243.48.133,192.168.10.5,202305251012,12,14,26,0,22,1,1.170096,1e-06,1028,52,0.975692,0.0,699,52,1
205.185.113.140,192.168.10.5,202305251012,12,13,25,0,22,1,1.14568,1e-06,1028,52,0.974208,0.001373,699,52,1
190.217.48.35,192.168.10.5,202305251012,4,3,7,0,3389,1,0.301153,0.002687,83,40,0.233641,0.067836,59,40,1
152.89.198.103,192.168.10.5,202305251012,3,1,4,0,49093,1,0.285699,0.00179,44,40,-10000,-10000,44,44,1
183.136.225.9,192.168.10.5,202305251012,7,11,18,0,2002,1,8.016951,0.198636,60,40,16.239913,0.988668,60,44,1
83.48.70.199,192.168.10.5,202305251012,8,7,15,0,3389,1,4.121683,0.0,83,40,4.43165,0.0,59,40,1
36.138.248.95,192.168.10.5,202305251012,6,6,12,0,5900,1,1.000345,0.0,64,52,1.000345,0.00139,64,52,1
35.203.210.150,192.168.10.5,202305251012,1,1,2,0,224,1,-10000,-10000,44,44,-10000,-10000,40,40,1
35.203.210.208,192.168.10.5,202305251012,8,6,14,0,28102,1,56.229799,0.0,259,40,56.454353,0.0,60,44,1
217.76.52.212,192.168.10.5,202305251013,15,15,30,0,5900,1,0.921702,0.0,64,52,0.921702,0.000785,64,52,1
89.248.165.214,192.168.10.5,202305251013,16,15,31,0,28778,1,1.253531,0.0,115,52,1.008629,0.0,60,52,1
176.113.115.104,192.168.10.5,202305251013,3,1,4,0,49092,1,0.278247,0.00714,44,40,-10000,-10000,44,44,1
122.51.127.85,192.168.10.5,202305251013,6,6,12,0,5900,1,0.459106,0.0,64,52,0.459107,0.000647,64,52,1
121.5.22.7,192.168.10.5,202305251013,5,5,10,0,5900,1,0.172187,0.00029,64,52,0.172577,0.001252,64,52,1
111.90.33.178,192.168.10.5,202305251013,8,7,15,0,3389,1,1.01173,0.0,83,40,1.045524,0.035695,59,40,1
185.224.128.23,192.168.10.5,202305251013,2,1,3,0,5061,1,0.262733,0.262733,44,40,-10000,-10000,44,44,1
185.122.204.71,192.168.10.5,202305251013,3,1,4,0,49094,1,0.27975,0.000844,44,40,-10000,-10000,44,44,1
120.26.196.119,192.168.10.5,202305251013,5,5,10,0,5900,1,0.176894,0.0,64,52,0.176955,0.000774,64,52,1
217.76.52.235,192.168.10.5,202305251013,20,20,40,0,5900,1,5.804188,0.0,64,52,5.804188,0.000487,64,52,1
139.99.134.153,192.168.10.5,202305251013,5,5,10,0,5900,1,0.150434,0.0,64,52,0.149092,0.001342,64,52,1
217.76.52.234,192.168.10.5,202305251013,25,25,50,0,5900,1,6.461268,0.0,64,52,6.461268,0.000488,64,52,1
217.76.52.222,192.168.10.5,202305251013,25,25,50,0,5900,1,4.6448,0.0,64,52,4.644801,0.000738,64,52,1
14.36.111.178,192.168.10.5,202305251013,8,6,14,0,56575,1,1.052769,0.036932,89,40,1.080362,0.0,52,40,1
125.212.243.141,192.168.10.5,202305251013,0,1,1,0,3389,1,-10000,-10000,-10000,-10000,-10000,-10000,59,59,1
36.133.125.177,192.168.10.5,202305251013,5,5,10,0,5900,1,0.105731,0.0,64,52,0.104738,0.001093,64,52,1
192.168.3.118,172.29.148.192,202305251012,20,0,20,0,55443,1,12.8475,1.010132,60,60,-10000,-10000,-10000,-10000,0
84.54.50.198,192.168.10.5,202305251013,61,86,147,0,33532,2,0.276715,0.0,7062,52,0.274656,0.0,138,52,1
185.224.128.141,192.168.10.5,202305251010,67,43,110,0,22,1,15.136368,0.0,1060,40,15.385987,0.0,676,44,1
220.132.141.109,192.168.10.5,202305251013,7,4,11,0,23,1,40.234352,0.014583,52,40,40.284027,0.055747,52,40,1
94.201.93.94,192.168.10.5,202305251013,4,3,7,0,3389,1,0.215652,0.0,83,40,0.15831,0.053123,59,40,1
205.210.31.52,192.168.10.5,202305251013,6,5,11,0,8080,1,1.161486,1e-06,259,52,1.009182,0.0,60,52,1
54.39.186.162,192.168.10.5,202305251013,4,3,7,0,3389,1,0.201374,0.0,83,40,0.168068,0.02901,59,40,1
45.118.139.90,192.168.10.5,202305251013,4,3,7,0,3389,1,0.184433,1e-06,83,40,0.096544,0.086645,59,40,1
162.243.48.133,192.168.10.5,202305251013,12,14,26,0,22,1,1.172524,0.0,1028,52,0.97324,0.000101,699,52,1
83.48.70.199,192.168.10.5,202305251013,4,3,7,0,3389,1,0.389599,0.0,83,40,0.325317,0.063113,59,40,1
205.185.113.140,192.168.10.5,202305251014,12,14,26,0,22,1,1.140982,0.0,1028,52,0.973893,0.0002,699,52,1
198.235.24.140,192.168.10.5,202305251014,1,0,0,1,1900,1,-10000,-10000,125,125,-10000,-10000,-10000,-10000,1
167.248.133.169,192.168.10.5,202305251014,2,1,3,0,10210,1,0.140266,0.140266,44,40,-10000,-10000,44,44,1
81.30.158.191,192.168.10.5,202305251014,5,5,10,0,5900,1,0.250831,0.0,64,52,0.251485,0.001648,64,52,1
167.248.133.36,192.168.10.5,202305251014,14,9,23,0,10210,1,1.144555,0.0,295,40,1.140359,0.0,60,52,1
162.142.125.160,192.168.10.5,202305251014,2,1,3,0,10210,1,0.140335,0.140335,60,40,-10000,-10000,60,60,1
168.80.174.2,192.168.10.5,202305251013,8,6,14,0,8092,1,14.968236,0.039917,60,40,15.053492,0.0,60,44,1
217.76.52.212,192.168.10.5,202305251014,5,5,10,0,5900,1,0.254535,0.0,64,52,0.253523,0.001847,64,52,1
118.123.105.86,192.168.10.5,202305251014,5,5,10,0,1400,1,1.253543,0.0,60,52,1.008582,1e-06,60,52,1
128.116.89.104,192.168.10.5,202305251013,11,66,77,0,80,2,33.909785,0.118861,52,52,16.235799,0.0,52,52,1
123.173.91.74,192.168.10.5,202305251014,1,6,7,0,23,1,-10000,-10000,44,44,16.243795,1.029747,44,44,1
217.76.52.235,192.168.10.5,202305251014,20,20,40,0,5900,1,4.418635,0.0,64,52,4.418636,0.001422,64,52,1
94.102.61.2,192.168.10.5,202305251013,7,11,18,0,9029,1,57.99625,0.0,259,44,26.281243,0.0,60,44,1
217.76.52.234,192.168.10.5,202305251014,25,25,50,0,5900,1,8.730809,0.0,64,52,8.730965,0.001127,64,52,1
217.76.52.222,192.168.10.5,202305251014,25,25,50,0,5900,1,5.623365,0.0,64,52,5.623365,0.000331,64,52,1
120.79.43.91,192.168.10.5,202305251014,6,6,12,0,5900,1,0.526642,0.0,64,52,0.526641,0.001252,64,52,1
162.216.149.153,192.168.10.5,202305251014,8,6,14,0,9401,1,52.31545,0.0,377,40,52.483095,0.0001,60,44,1
198.235.24.53,192.168.10.5,202305251014,8,6,14,0,40000,1,54.38998,0.000302,378,40,54.433596,0.0,60,44,1
162.243.48.133,192.168.10.5,202305251015,12,13,25,0,22,1,1.162201,0.0,1028,52,0.973943,0.001061,699,52,1
14.224.149.47,192.168.10.5,202305251015,20,18,38,0,3389,1,1.157037,0.0,83,40,1.009025,0.00753,59,40,1
134.209.150.51,192.168.10.5,202305251015,3,1,4,0,22220,1,0.118562,0.000928,44,40,-10000,-10000,44,44,1
64.227.140.161,192.168.10.5,202305251015,1,1,2,0,224,1,-10000,-10000,44,44,-10000,-10000,40,40,1
162.216.149.224,192.168.10.5,202305251014,8,6,14,0,45749,1,52.488159,0.0,259,40,52.661828,0.0,60,44,1
205.185.113.140,192.168.10.5,202305251015,12,13,25,0,22,1,1.140369,0.0,1028,52,0.977601,0.001225,699,52,1
217.76.52.212,192.168.10.5,202305251015,5,5,10,0,5900,1,0.257641,0.0,64,52,0.256438,0.001597,64,52,1
94.102.61.46,192.168.10.5,202305251015,14,22,36,0,2226,2,32.857605,0.0,259,44,12.115386,1e-06,60,44,1
207.90.244.6,192.168.10.5,202305251015,18,14,32,0,1355,1,1.162351,0.0,303,40,1.154847,0.0,60,44,1
35.203.210.159,192.168.10.5,202305251015,8,6,14,0,9161,1,53.925189,0.0,377,40,54.148082,0.0,60,44,1
192.241.238.18,192.168.10.5,202305251015,1,6,7,0,5601,1,-10000,-10000,44,44,16.235787,1.009854,44,44,1
217.76.52.235,192.168.10.5,202305251015,20,20,40,0,5900,1,3.087601,0.0,64,52,3.087946,0.001016,64,52,1
139.59.16.136,192.168.10.5,202305251016,3,1,4,0,33894,1,0.117652,0.087314,44,40,-10000,-10000,44,44,1
217.76.52.234,192.168.10.5,202305251015,25,25,50,0,5900,1,9.933011,0.0,64,52,9.93301,0.000525,64,52,1
217.76.52.222,192.168.10.5,202305251016,26,26,52,0,5900,1,7.843261,0.0,64,52,7.843436,0.000417,64,52,1
195.3.147.52,192.168.10.5,202305251016,10,12,22,0,22,1,1.274969,0.000334,944,40,0.973327,0.001321,888,40,1
125.212.243.141,192.168.10.5,202305251014,3,13,16,0,3389,1,0.119989,0.001424,83,40,47.430757,0.050121,59,40,1
83.48.70.199,192.168.10.5,202305251015,12,9,21,0,3389,1,52.111399,0.000632,83,40,52.422293,0.041954,59,40,1
192.241.207.85,192.168.10.5,202305251015,1,6,7,0,8047,1,-10000,-10000,44,44,16.239827,1.022361,44,44,1
54.39.186.162,192.168.10.5,202305251016,4,3,7,0,3389,1,0.225159,0.000164,83,40,0.174942,0.04565,59,40,1
198.235.24.227,192.168.10.5,202305251015,16,13,29,0,993,1,56.065933,0.0,259,40,56.294599,0.0,1310,44,1
162.216.149.15,192.168.10.5,202305251015,8,6,14,0,9091,1,53.499551,0.0,259,40,53.669666,0.0,60,44,1
134.209.150.51,192.168.10.5,202305251016,5,4,9,0,22220,1,1.12844,0.0,60,52,1.123478,0.0,60,52,1
95.214.55.244,192.168.10.5,202305251016,6,8,14,0,8096,1,1.286503,0.002056,2856,52,1.007554,0.0,60,52,1
111.90.33.178,192.168.10.5,202305251016,9,8,17,0,3389,1,0.383053,0.0,83,40,0.376277,0.026706,59,40,1
94.201.93.94,192.168.10.5,202305251016,8,6,14,0,3389,1,53.745905,0.0,83,40,53.902157,0.065215,59,40,1
205.185.113.140,192.168.10.5,202305251016,12,14,26,0,22,1,1.150818,0.0,1028,52,0.974813,0.0,699,52,1
83.48.125.216,192.168.10.5,202305251017,4,3,7,0,3389,1,0.348215,0.0,83,40,0.310628,0.032304,59,40,1
35.203.210.128,192.168.10.5,202305251017,4,4,8,0,33129,1,1.550216,1e-06,44,44,1.273627,1e-06,44,40,1
167.94.138.100,192.168.10.5,202305251017,2,1,3,0,8159,1,0.204321,0.204321,44,40,-10000,-10000,44,44,1
167.94.138.36,192.168.10.5,202305251017,14,10,24,0,8159,1,1.208244,0.0,295,40,1.199151,0.0,60,40,1
162.142.125.160,192.168.10.5,202305251017,2,1,3,0,8159,1,0.14146,0.14146,60,40,-10000,-10000,60,60,1
192.241.238.18,192.168.10.5,202305251017,5,5,10,0,5601,1,1.127243,0.0,165,52,1.008395,0.0,60,52,1
171.249.163.194,192.168.10.5,202305251017,4,3,7,0,3389,1,0.248748,0.001436,83,40,0.227496,0.027461,59,40,1
185.81.68.110,192.168.10.5,202305251017,3,1,4,0,49095,1,0.279415,0.002663,44,40,-10000,-10000,44,44,1
35.203.211.167,192.168.10.5,202305251016,8,6,14,0,49848,1,50.283166,0.000675,259,40,50.505791,0.000112,60,44,1
103.162.36.21,192.168.10.5,202305251017,4,3,7,0,3389,1,0.120907,0.001792,83,40,0.095775,0.021472,59,40,1
217.76.52.235,192.168.10.5,202305251017,20,20,40,0,5900,1,4.898644,0.0,64,52,4.898643,0.000738,64,52,1
83.48.70.199,192.168.10.5,202305251017,4,3,7,0,3389,1,0.345544,1e-06,83,40,0.307109,0.037833,59,40,1
217.76.52.234,192.168.10.5,202305251017,25,25,50,0,5900,1,8.701196,0.0,64,52,8.701196,0.000923,64,52,1
185.122.204.71,192.168.10.5,202305251017,3,1,4,0,49097,1,0.278798,0.002123,44,40,-10000,-10000,44,44,1
217.76.52.222,192.168.10.5,202305251017,25,25,50,0,5900,1,8.177826,0.0,64,52,8.177826,0.001002,64,52,1
198.235.24.128,192.168.10.5,202305251017,2,1,3,0,135,1,0.232062,0.232062,44,40,-10000,-10000,44,44,1
128.232.21.75,192.168.10.5,202305251017,1,0,0,1,11211,1,-10000,-10000,28,28,-10000,-10000,-10000,-10000,1
94.102.61.2,192.168.10.5,202305251016,8,17,25,0,9054,2,29.012086,0.0,259,44,16.23982,1e-06,60,44,1
125.212.243.141,192.168.10.5,202305251017,0,2,2,0,3389,1,-10000,-10000,-10000,-10000,22.67978,22.67978,59,59,1
157.230.128.210,192.168.10.5,202305251018,2,1,3,0,5353,1,0.116464,0.116464,44,40,-10000,-10000,44,44,1
128.116.46.188,192.168.10.5,202305251017,22,11,33,0,443,2,53.122027,0.040529,52,40,53.267045,0.046175,52,52,1
190.217.48.35,192.168.10.5,202305251018,4,3,7,0,3389,1,0.304446,0.000899,83,40,0.229209,0.064947,59,40,1
104.248.152.200,192.168.10.5,202305251018,15,6,21,0,1433,1,1.502895,0.0,104,52,1.576469,0.009556,95,52,1
205.185.113.140,192.168.10.5,202305251018,12,13,25,0,22,1,1.136181,0.0,1028,52,0.971841,0.000823,699,52,1
64.62.197.18,192.168.10.5,202305251018,2,1,3,0,80,1,0.121065,0.121065,44,40,-10000,-10000,44,44,1
106.13.223.201,192.168.10.5,202305251018,5,6,11,0,5900,1,0.82637,1e-06,64,52,0.620228,0.001374,64,52,1
198.235.24.240,192.168.10.5,202305251017,8,6,14,0,2087,1,55.272512,1e-06,259,40,55.502946,0.0,60,44,1
205.210.31.73,192.168.10.5,202305251017,7,6,13,0,8005,1,53.060957,0.0,377,40,53.214363,0.0,60,44,1
193.57.40.49,192.168.10.5,202305251018,3,1,4,0,22890,1,0.23798,0.03309,44,40,-10000,-10000,44,44,1
81.30.158.191,192.168.10.5,202305251018,5,5,10,0,5900,1,0.243064,0.0,64,52,0.241699,0.001365,64,52,1
217.76.52.234,192.168.10.5,202305251018,25,25,50,0,5900,1,6.480979,0.0,64,52,6.48098,0.000946,64,52,1
217.76.52.235,192.168.10.5,202305251018,20,20,40,0,5900,1,6.332164,0.0,64,52,6.33185,0.000765,64,52,1
54.39.186.162,192.168.10.5,202305251018,4,3,7,0,3389,1,0.263941,0.000632,83,40,0.169975,0.095022,59,40,1
64.62.197.25,192.168.10.5,202305251018,9,5,14,0,80,1,0.132592,0.0,211,40,0.118778,0.0,4059,40,1
217.76.52.222,192.168.10.5,202305251018,25,25,50,0,5900,1,8.765861,0.0,64,52,8.765861,0.001365,64,52,1
139.99.134.153,192.168.10.5,202305251019,5,5,10,0,5900,1,0.151663,1e-06,64,52,0.150607,0.001548,64,52,1
198.235.24.128,192.168.10.5,202305251018,5,3,8,0,135,1,9.769702,0.0,376,52,9.76947,0.229815,60,52,1
185.56.83.110,192.168.10.5,202305251019,4,3,7,0,3389,1,0.281494,1e-06,87,40,0.264226,0.016071,59,40,1
45.118.139.94,192.168.10.5,202305251019,4,3,7,0,3389,1,0.133381,0.0,83,40,0.0884,0.042836,59,40,1
185.81.68.110,192.168.10.5,202305251019,3,1,4,0,49099,1,0.28538,0.000932,44,40,-10000,-10000,44,44,1
192.241.207.85,192.168.10.5,202305251019,5,5,10,0,8047,1,1.123017,1e-06,76,52,1.00851,0.0,60,52,1
94.102.49.43,192.168.10.5,202305251019,3,1,4,0,49454,1,0.246049,0.002328,44,40,-10000,-10000,44,44,1
118.123.105.90,192.168.10.5,202305251019,1,0,0,1,32788,1,-10000,-10000,68,68,-10000,-10000,-10000,-10000,1
103.122.92.252,192.168.10.5,202305251019,4,3,7,0,3389,1,0.091752,1e-06,83,40,0.05925,0.032992,59,40,1
125.212.243.141,192.168.10.5,202305251019,0,2,2,0,3389,1,-10000,-10000,-10000,-10000,22.684249,22.684249,59,59,1
143.244.142.57,192.168.10.5,202305251020,2,1,3,0,80,1,0.112917,0.112917,44,40,-10000,-10000,44,44,1
192.168.10.4,192.168.10.5,202305251020,32,11,43,0,64297,1,5.040097,0.0,575,52,5.040121,1e-06,3876,52,1
198.235.24.132,192.168.10.5,202305251020,2,1,3,0,2086,1,0.231614,0.231614,44,40,-10000,-10000,44,44,1
128.116.3.113,192.168.10.5,202305251019,22,14,36,0,80,2,52.621242,0.017926,52,40,52.908124,0.005284,52,52,1
217.76.52.235,192.168.10.5,202305251020,20,20,40,0,5900,1,6.412189,1e-06,64,52,6.412584,0.001099,64,52,1
217.76.52.234,192.168.10.5,202305251020,20,20,40,0,5900,1,4.653418,0.0,64,52,4.653418,0.000791,64,52,1
152.89.198.103,192.168.10.5,202305251020,3,1,4,0,49096,1,0.278552,0.003259,44,40,-10000,-10000,44,44,1
94.102.61.2,192.168.10.5,202305251020,6,5,11,0,9052,1,1.246441,0.0,259,52,1.008211,0.0,60,52,1
43.129.36.145,192.168.10.5,202305251019,17,13,30,0,8604,1,10.001746,0.0,295,40,10.102608,0.0,60,52,1
217.76.52.222,192.168.10.5,202305251020,25,25,50,0,5900,1,7.522723,0.0,64,52,7.522723,0.000892,64,52,1
62.210.70.119,192.168.10.5,202305251020,1,0,0,1,37810,1,-10000,-10000,122,122,-10000,-10000,-10000,-10000,1
64.62.197.28,192.168.10.5,202305251020,7,5,12,0,80,1,0.122408,1e-06,267,40,0.115961,0.0,486,40,1
80.252.0.252,192.168.10.5,202305251020,1,1,2,0,12914,1,-10000,-10000,40,40,-10000,-10000,40,40,1
94.201.93.94,192.168.10.5,202305251020,8,6,14,0,3389,1,21.743868,0.001167,83,40,21.898567,0.043914,59,40,1
111.90.33.178,192.168.10.5,202305251020,9,10,19,0,3389,1,1.07104,0.0,83,40,1.088344,0.03233,59,40,1
183.136.225.9,192.168.10.5,202305251020,1,1,2,0,990,1,-10000,-10000,44,44,-10000,-10000,40,40,1
89.248.168.220,192.168.10.5,202305251020,3,1,4,0,55068,1,0.248374,0.00089,44,40,-10000,-10000,44,44,1
128.1.42.231,192.168.10.5,202305251020,29,29,58,0,9623,1,1.258029,0.0,322,52,1.246308,0.0,60,52,1
198.235.24.234,192.168.10.5,202305251019,8,6,14,0,50995,1,53.091874,0.000294,378,40,53.323617,0.0,60,44,1
103.158.96.154,192.168.10.5,202305251020,1,1,2,0,3389,1,-10000,-10000,83,83,-10000,-10000,40,40,1
45.118.139.90,192.168.10.5,202305251020,4,3,7,0,3389,1,0.147172,0.000544,83,40,0.08975,0.054874,59,40,1
83.48.70.199,192.168.10.5,202305251018,16,12,28,0,3389,1,68.07594,0.0,83,40,68.37695,0.051911,59,40,1
176.113.115.104,192.168.10.5,202305251021,3,1,4,0,49098,1,0.278498,0.003262,44,40,-10000,-10000,44,44,1
64.62.197.22,192.168.10.5,202305251021,7,5,12,0,80,1,0.127558,0.0,225,40,0.123883,0.0,486,40,1
198.235.24.132,192.168.10.5,202305251021,6,5,11,0,2086,1,1.238314,1e-06,377,52,1.008838,1e-06,60,52,1
103.162.36.21,192.168.10.5,202305251020,1,6,7,0,3389,1,-10000,-10000,52,52,16.239946,1.029956,52,52,1
54.39.186.162,192.168.10.5,202305251021,4,3,7,0,3389,1,0.230004,0.0,83,40,0.16646,0.061971,59,40,1
217.76.52.235,192.168.10.5,202305251021,20,20,40,0,5900,1,4.963222,0.0,64,52,4.963221,0.000523,64,52,1
217.76.52.234,192.168.10.5,202305251021,15,15,30,0,5900,1,4.42467,1e-06,64,52,4.42467,0.000513,64,52,1
217.76.52.222,192.168.10.5,202305251021,25,25,50,0,5900,1,7.846489,0.0,64,52,7.846489,0.000786,64,52,1
45.86.190.21,192.168.10.5,202305251022,5,5,10,0,5900,1,0.235334,0.005076,64,52,0.23791,0.001206,64,52,1
120.71.146.106,192.168.10.5,202305251021,6,8,14,0,5900,1,17.830637,0.25037,64,52,18.082963,0.001401,64,52,1
122.160.68.27,192.168.10.5,202305251022,5,3,8,0,23,1,0.171897,0.021722,60,40,0.185561,0.16868,60,44,1
193.163.125.146,192.168.10.5,202305251022,2,1,3,0,42771,1,0.267819,0.267819,44,40,-10000,-10000,44,44,1
83.48.70.199,192.168.10.5,202305251022,8,6,14,0,3389,1,0.320867,0.0,83,40,0.303512,0.019755,59,40,1
104.248.134.240,192.168.10.5,202305251022,4,5,9,0,14333,1,2.228221,0.0,44,40,1.28442,0.0,44,40,1
71.90.173.36,192.168.10.5,202305251022,2,1,3,0,23,1,0.150738,0.150738,44,40,-10000,-10000,44,44,1
162.142.125.233,192.168.10.5,202305251022,2,2,4,0,8175,1,1.165076,1.165076,44,40,1.021014,1.021014,44,44,1
36.138.197.31,192.168.10.5,202305251022,5,5,10,0,5900,1,0.082816,0.0,64,52,0.082172,0.000897,64,52,1
125.212.243.141,192.168.10.5,202305251021,4,5,9,0,3389,1,0.168592,0.002969,83,40,41.803539,0.058183,59,40,1
142.93.133.16,192.168.10.5,202305251022,2,1,3,0,3339,1,0.260069,0.260069,44,40,-10000,-10000,44,44,1
162.243.161.105,192.168.10.5,202305251022,3,1,4,0,9180,1,0.153404,0.004476,44,40,-10000,-10000,44,44,1
81.30.158.191,192.168.10.5,202305251022,5,5,10,0,5900,1,0.252609,1e-06,64,52,0.252368,0.00119,64,52,1
114.132.71.92,192.168.10.5,202305251022,5,5,10,0,5900,1,0.214519,1e-06,64,52,0.21345,0.001144,64,52,1
120.79.85.217,192.168.10.5,202305251022,5,6,11,0,5900,1,0.945237,0.0,64,52,0.71615,0.001602,64,52,1
114.132.156.71,192.168.10.5,202305251022,6,7,13,0,5900,1,0.522805,0.0,64,52,0.52121,0.00155,64,52,1
114.132.218.137,192.168.10.5,202305251022,5,5,10,0,5900,1,0.220122,0.0,64,52,0.218622,0.0015,64,52,1
139.144.183.106,192.168.10.5,202305251022,10,8,18,0,9180,1,1.254492,1e-06,291,52,1.008996,0.0,60,52,1
193.163.125.169,192.168.10.5,202305251022,2,1,3,0,7547,1,0.252348,0.252348,44,40,-10000,-10000,44,44,1
217.76.52.234,192.168.10.5,202305251022,15,15,30,0,5900,1,2.136819,0.0,64,52,2.136819,0.001001,64,52,1
217.76.52.235,192.168.10.5,202305251022,15,15,30,0,5900,1,5.066908,0.0,64,52,5.066908,0.000899,64,52,1
217.76.52.222,192.168.10.5,202305251022,15,15,30,0,5900,1,8.229271,0.0,64,52,8.229271,0.000899,64,52,1
162.142.125.230,192.168.10.5,202305251023,2,1,3,0,1954,1,0.135229,0.135229,44,40,-10000,-10000,44,44,1
162.142.125.11,192.168.10.5,202305251022,27,18,45,0,1954,2,33.323745,0.0,295,40,33.484408,0.0,60,52,1
162.142.125.160,192.168.10.5,202305251022,4,2,6,0,8175,2,37.969337,0.152217,60,40,38.121658,38.121658,60,60,1
94.201.93.94,192.168.10.5,202305251023,4,3,7,0,3389,1,0.180516,0.000597,83,40,0.153005,0.024964,59,40,1
205.210.31.70,192.168.10.5,202305251022,8,6,14,0,54528,1,53.189635,0.000295,259,40,53.345629,0.0,60,44,1
83.48.70.199,192.168.10.5,202305251023,4,3,7,0,3389,1,0.369137,0.001442,83,40,0.32277,0.046967,59,40,1
146.190.89.231,192.168.10.5,202305251023,1,0,0,1,137,1,-10000,-10000,78,78,-10000,-10000,-10000,-10000,1
106.53.74.140,192.168.10.5,202305251023,6,7,13,0,5900,1,1.00184,0.0,64,52,1.00184,0.001641,64,52,1
35.203.211.228,192.168.10.5,202305251022,8,6,14,0,8804,1,55.079333,0.0,377,40,55.305425,1e-06,60,44,1
36.134.102.251,192.168.10.5,202305251023,5,8,13,0,5900,1,0.651827,0.0,64,52,0.296713,0.000918,64,52,1
94.102.49.43,192.168.10.5,202305251023,3,1,4,0,51550,1,0.223232,0.007182,44,40,-10000,-10000,44,44,1
182.61.47.229,192.168.10.5,202305251023,5,5,10,0,5900,1,0.23722,0.0,64,52,0.235471,0.001749,64,52,1
106.15.104.199,192.168.10.5,202305251023,5,3,8,0,6379,1,0.168982,0.0,66,40,0.170224,0.0,60,40,1
14.224.149.47,192.168.10.5,202305251023,20,16,36,0,3389,1,0.700627,0.0,83,40,0.694427,0.001515,59,40,1
89.248.165.85,192.168.10.5,202305251023,3,1,4,0,53296,1,0.239517,0.002084,44,40,-10000,-10000,44,44,1
190.217.48.35,192.168.10.5,202305251023,4,3,7,0,3389,1,0.371208,0.000603,83,40,0.228345,0.13959,59,40,1
125.212.243.141,192.168.10.5,202305251024,0,1,1,0,3389,1,-10000,-10000,-10000,-10000,-10000,-10000,59,59,1
58.211.207.70,192.168.10.5,202305251024,5,5,10,0,5900,1,0.205519,1e-06,64,52,0.204533,0.001699,64,52,1
54.39.186.162,192.168.10.5,202305251024,4,3,7,0,3389,1,0.201135,0.002635,83,40,0.167917,0.034258,59,40,1
34.140.248.32,192.168.10.5,202305251024,9,9,18,0,9200,1,4.031098,0.0,315,52,4.031155,0.003866,546,52,1
83.48.125.216,192.168.10.5,202305251024,4,3,7,0,3389,1,0.35034,0.0003,83,40,0.308403,0.037149,59,40,1
111.90.33.178,192.168.10.5,202305251024,8,7,15,0,3389,1,0.275213,1e-06,83,40,0.254498,0.0,59,40,1
185.122.204.71,192.168.10.5,202305251024,3,1,4,0,49101,1,0.270459,0.003268,44,40,-10000,-10000,44,44,1
176.113.115.104,192.168.10.5,202305251024,3,1,4,0,49102,1,0.277348,0.00447,44,40,-10000,-10000,44,44,1
45.122.122.79,192.168.10.5,202305251024,2,1,3,0,23,1,0.415878,0.415878,44,40,-10000,-10000,44,44,1
217.76.52.234,192.168.10.5,202305251024,15,15,30,0,5900,1,1.365853,0.0,64,52,1.365853,0.001239,64,52,1
217.76.52.235,192.168.10.5,202305251024,15,16,31,0,5900,1,3.260154,0.0,64,52,3.2604,0.000839,64,52,1
101.89.216.223,192.168.10.5,202305251024,5,6,11,0,5900,1,0.171241,0.0,64,52,0.172583,0.0,64,52,1
217.76.52.222,192.168.10.5,202305251024,15,15,30,0,5900,1,8.646481,0.0,64,52,8.646481,0.000943,64,52,1
198.199.118.79,192.168.10.5,202305251024,1,0,0,1,4443,1,-10000,-10000,51,51,-10000,-10000,-10000,-10000,1
125.191.210.226,192.168.10.5,202305251023,11,63,74,0,80,2,3.595245,0.035747,52,52,6.44446,0.0,52,52,1
122.160.68.27,192.168.10.5,202305251024,0,8,8,0,23,1,-10000,-10000,-10000,-10000,16.239583,0.51558,52,52,1
185.81.68.110,192.168.10.5,202305251024,3,1,4,0,49103,1,0.284192,0.000896,44,40,-10000,-10000,44,44,1
139.99.134.153,192.168.10.5,202305251024,5,5,10,0,5900,1,0.161019,1e-06,64,52,0.159872,0.001147,64,52,1
36.91.222.100,192.168.10.5,202305251024,11,11,22,0,3389,1,0.266034,0.0,82,40,0.234433,7.8e-05,59,40,1
94.201.93.94,192.168.10.5,202305251024,4,4,8,0,3389,1,0.294324,0.0,83,40,0.156949,0.0,59,40,1
35.203.210.71,192.168.10.5,202305251024,8,6,14,0,8036,1,54.04185,0.0,377,40,54.261449,0.0,60,44,1
162.142.125.252,192.168.10.5,202305251025,2,1,3,0,20377,1,0.168723,0.168723,44,40,-10000,-10000,44,44,1
152.89.198.103,192.168.10.5,202305251025,3,1,4,0,49100,1,0.272267,0.003558,44,40,-10000,-10000,44,44,1
35.203.211.27,192.168.10.5,202305251025,4,4,8,0,48781,1,1.553782,1e-06,44,44,1.302819,1e-06,44,40,1
162.142.125.11,192.168.10.5,202305251025,13,9,22,0,20377,1,1.161777,1e-06,295,52,1.144917,0.0,60,52,1
162.142.125.160,192.168.10.5,202305251025,2,1,3,0,20377,1,0.150114,0.150114,60,40,-10000,-10000,60,60,1
106.12.29.34,192.168.10.5,202305251025,7,7,14,0,5900,1,2.188347,0.0,64,52,2.18824,0.000591,64,52,1
89.248.168.220,192.168.10.5,202305251025,3,1,4,0,56393,1,0.244,0.003526,44,40,-10000,-10000,44,44,1
217.76.52.234,192.168.10.5,202305251025,10,10,20,0,5900,1,1.954583,0.0,64,52,1.954584,0.000952,64,52,1
83.48.70.199,192.168.10.5,202305251024,13,10,23,0,3389,1,45.474254,0.0,83,40,45.782511,0.040879,59,40,1
217.76.52.235,192.168.10.5,202305251025,15,15,30,0,5900,1,2.445781,0.0,64,52,2.445781,0.000852,64,52,1
217.76.52.222,192.168.10.5,202305251025,15,15,30,0,5900,1,4.880221,0.0,64,52,4.879973,0.000547,64,52,1
123.16.55.216,192.168.10.5,202305251025,4,4,8,0,8728,1,1.091635,0.003291,60,52,1.092072,0.0,60,52,1
45.118.139.94,192.168.10.5,202305251026,4,3,7,0,3389,1,0.124098,0.002175,83,40,0.084094,0.039461,59,40,1
125.212.243.141,192.168.10.5,202305251026,0,1,1,0,3389,1,-10000,-10000,-10000,-10000,-10000,-10000,59,59,1
103.162.36.21,192.168.10.5,202305251026,4,3,7,0,3389,1,0.115552,0.0,83,40,0.091461,0.022717,59,40,1
94.201.93.94,192.168.10.5,202305251026,4,3,7,0,3389,1,0.22075,0.000895,83,40,0.154395,0.064507,59,40,1
193.163.125.180,192.168.10.5,202305251026,2,1,3,0,5705,1,0.253506,0.253506,44,40,-10000,-10000,44,44,1
54.39.186.162,192.168.10.5,202305251026,4,3,7,0,3389,1,0.244149,0.000977,83,40,0.173591,0.071338,59,40,1
35.203.211.164,192.168.10.5,202305251025,8,6,14,0,49934,1,53.686395,0.00026,259,40,53.908756,0.0,60,44,1
107.170.237.13,192.168.10.5,202305251026,1,6,7,0,8083,1,-10000,-10000,44,44,16.240163,1.027971,44,44,1
45.134.144.212,192.168.10.5,202305251026,3,1,4,0,3306,1,0.223765,0.005627,44,40,-10000,-10000,44,44,1
167.94.145.23,192.168.10.5,202305251026,2,1,3,0,19633,1,0.251192,0.251192,44,40,-10000,-10000,44,44,1
43.241.146.98,192.168.10.5,202305251023,294,212,506,0,445,1,31.666326,0.0,4196,40,31.923026,0.0,221,40,1
167.94.145.60,192.168.10.5,202305251026,14,9,23,0,19633,1,1.262198,0.0,295,40,1.251569,0.0,60,52,1
205.210.31.83,192.168.10.5,202305251025,10,8,18,0,143,1,63.693188,0.0,79,40,63.847181,0.000102,87,44,1
83.48.70.199,192.168.10.5,202305251027,4,3,7,0,3389,1,0.330642,0.000627,83,40,0.301848,0.022651,59,40,1
194.26.29.37,192.168.10.5,202305251027,3,1,4,0,2117,1,0.283298,0.011633,44,40,-10000,-10000,44,44,1
162.216.150.128,192.168.10.5,202305251026,7,6,13,0,50502,1,50.196521,1e-06,378,40,50.365142,0.0,60,44,1
217.76.52.234,192.168.10.5,202305251027,5,5,10,0,5900,1,0.251395,0.0,64,52,0.252476,0.002004,64,52,1
217.76.52.235,192.168.10.5,202305251027,10,10,20,0,5900,1,0.25116,0.0,64,52,0.250318,0.001019,64,52,1
81.30.158.191,192.168.10.5,202305251027,5,5,10,0,5900,1,0.25798,0.000624,64,52,0.256833,0.000949,64,52,1
217.76.52.222,192.168.10.5,202305251027,10,10,20,0,5900,1,6.20467,0.0,64,52,6.20467,0.000848,64,52,1
162.216.149.220,192.168.10.5,202305251026,8,6,14,0,9212,1,52.080058,0.0,377,40,52.249029,0.0,60,44,1
194.26.29.86,192.168.10.5,202305251027,3,1,4,0,9432,1,0.299973,0.008025,44,40,-10000,-10000,44,44,1
182.151.29.95,192.168.10.5,202305251027,5,5,10,0,5900,1,0.245769,0.0,64,52,0.246801,0.001477,64,52,1
124.221.193.130,192.168.10.5,202305251027,1,6,7,0,6379,1,-10000,-10000,60,60,16.240094,1.033179,60,60,1
111.90.33.178,192.168.10.5,202305251027,8,6,14,0,3389,1,0.941403,0.000326,83,40,0.976798,0.026392,59,40,1
167.94.138.109,192.168.10.5,202305251027,2,1,3,0,1723,1,0.202276,0.202276,44,40,-10000,-10000,44,44,1
167.94.138.35,192.168.10.5,202305251027,5,3,8,0,1723,1,0.209989,0.0,208,52,0.205435,0.004913,208,52,1
162.142.125.160,192.168.10.5,202305251027,2,1,3,0,1723,1,0.141524,0.141524,60,40,-10000,-10000,60,60,1
125.212.243.141,192.168.10.5,202305251028,0,1,1,0,3389,1,-10000,-10000,-10000,-10000,-10000,-10000,59,59,1
74.84.150.2,192.168.10.5,202305251028,1,0,0,1,5060,1,-10000,-10000,436,436,-10000,-10000,-10000,-10000,1
118.89.56.206,192.168.10.5,202305251028,6,6,12,0,5900,1,0.516231,0.0,64,52,0.516576,0.001249,64,52,1
119.23.228.24,192.168.10.5,202305251028,5,5,10,0,5900,1,0.21571,0.0,64,52,0.214606,0.001149,64,52,1
218.92.0.29,192.168.10.5,202305251028,15,16,31,0,22,1,0.543674,9.7e-05,908,40,0.528851,3.3e-05,676,52,1
106.55.7.207,192.168.10.5,202305251028,6,6,12,0,5900,1,0.520719,0.002678,64,52,0.52086,0.001298,64,52,1
217.76.52.234,192.168.10.5,202305251028,5,5,10,0,5900,1,0.262439,1e-06,64,52,0.261386,0.001053,64,52,1
217.76.52.235,192.168.10.5,202305251028,10,10,20,0,5900,1,0.256785,0.0,64,52,0.255691,0.00084,64,52,1
217.76.52.222,192.168.10.5,202305251028,5,5,10,0,5900,1,0.25588,1e-06,64,52,0.254911,0.001349,64,52,1
47.74.84.253,192.168.10.5,202305251028,2,1,3,0,49669,1,0.1591,0.1591,44,40,-10000,-10000,44,44,1
92.114.200.51,192.168.10.5,202305251027,169,161,330,0,2323,1,1.575596,0.0,60,40,1.595524,0.0,60,44,1
152.89.198.103,192.168.10.5,202305251028,3,1,4,0,49105,1,0.284377,0.002039,44,40,-10000,-10000,44,44,1
141.94.98.209,192.168.10.5,202305251028,11,61,72,0,443,2,4.54353,0.114667,52,52,6.186701,0.0,52,52,1
185.224.128.142,192.168.10.5,202305251029,17,15,32,0,22,1,0.310086,0.0,1012,52,0.299327,0.0,699,52,1
54.39.186.162,192.168.10.5,202305251029,4,3,7,0,3389,1,0.187048,0.0,83,40,0.167683,0.019662,59,40,1
103.162.36.21,192.168.10.5,202305251029,4,3,7,0,3389,1,0.118566,0.000591,83,40,0.100479,0.019776,59,40,1
211.23.76.94,192.168.10.5,202305251029,2,1,3,0,23,1,0.042294,0.042294,44,40,-10000,-10000,44,44,1
110.40.208.171,192.168.10.5,202305251029,5,5,10,0,5900,1,0.175785,0.0,64,52,0.174786,0.001383,64,52,1
106.14.106.97,192.168.10.5,202305251029,5,6,11,0,5900,1,0.739962,0.0,64,52,0.566852,0.000897,64,52,1
124.223.73.187,192.168.10.5,202305251029,5,5,10,0,5900,1,0.179316,1e-06,64,52,0.178651,0.000694,64,52,1
83.48.70.199,192.168.10.5,202305251028,12,9,21,0,3389,1,54.148464,0.0,83,40,54.458371,0.032806,59,40,1
162.216.149.208,192.168.10.5,202305251028,6,5,11,0,23059,1,53.686156,0.0,60,40,53.855045,1e-06,60,44,1
183.255.49.86,192.168.10.5,202305251029,5,5,10,0,5900,1,0.113815,1e-06,64,52,0.113018,0.0011,64,52,1
190.217.48.35,192.168.10.5,202305251029,4,3,7,0,3389,1,0.277024,0.000596,83,40,0.233947,0.041391,59,40,1
116.63.171.234,192.168.10.5,202305251029,6,6,12,0,5900,1,0.325292,0.0,64,52,0.325292,0.000714,64,52,1
107.170.237.13,192.168.10.5,202305251029,5,5,10,0,8083,1,1.139145,1e-06,76,52,1.00841,1e-06,60,52,1
94.201.93.94,192.168.10.5,202305251029,8,6,14,0,3389,1,15.48623,0.001197,83,40,15.642543,0.041383,59,40,1
179.43.163.132,192.168.10.5,202305251029,6,5,11,0,4719,1,1.271524,0.000588,60,40,1.270527,0.0001,60,44,1
217.76.52.235,192.168.10.5,202305251029,10,10,20,0,5900,1,0.251146,0.0,64,52,0.249854,0.000802,64,52,1
185.122.204.71,192.168.10.5,202305251030,3,1,4,0,49104,1,0.278812,0.0,44,40,-10000,-10000,44,44,1
114.238.74.79,192.168.10.5,202305251029,1,6,7,0,23,1,-10000,-10000,44,44,16.240048,1.022323,44,44,1
47.94.88.242,192.168.10.5,202305251030,7,3,10,0,6379,1,0.115266,7.6e-05,66,40,0.116059,0.000899,60,40,1
101.43.111.184,192.168.10.5,202305251030,5,5,10,0,5900,1,0.176955,0.0,64,52,0.175929,0.001524,64,52,1
139.99.134.153,192.168.10.5,202305251030,5,5,10,0,5900,1,0.148529,0.0,64,52,0.14775,0.000779,64,52,1
62.210.75.4,192.168.10.5,202305251030,1,0,0,1,1900,1,-10000,-10000,89,89,-10000,-10000,-10000,-10000,1
185.81.68.110,192.168.10.5,202305251030,3,1,4,0,49107,1,0.278265,0.003328,44,40,-10000,-10000,44,44,1
125.212.243.141,192.168.10.5,202305251030,4,4,8,0,3389,1,0.129068,0.003255,83,40,35.829788,0.02575,59,40,1
81.30.158.191,192.168.10.5,202305251031,5,5,10,0,5900,1,0.254845,0.0,64,52,0.253769,0.001076,64,52,1
80.82.77.144,192.168.10.5,202305251031,2,1,3,0,14000,1,0.235323,0.235323,44,40,-10000,-10000,44,44,1
167.248.133.160,192.168.10.5,202305251031,2,1,3,0,12165,1,0.140524,0.140524,44,40,-10000,-10000,44,44,1
167.248.133.126,192.168.10.5,202305251031,14,9,23,0,12165,1,1.152834,1e-06,295,40,1.14231,0.0,60,52,1
47.97.222.162,192.168.10.5,202305251031,7,3,10,0,6379,1,0.193875,0.0,66,40,0.195692,0.0,60,40,1
162.142.125.160,192.168.10.5,202305251031,2,1,3,0,12165,1,0.157313,0.157313,60,40,-10000,-10000,60,60,1
83.48.125.216,192.168.10.5,202305251031,4,3,7,0,3389,1,0.332673,0.000935,83,40,0.308153,0.023471,59,40,1
124.156.47.36,192.168.10.5,202305251031,5,5,10,0,5900,1,0.151009,0.0,64,52,0.151912,0.001338,64,52,1
217.76.52.235,192.168.10.5,202305251031,5,5,10,0,5900,1,0.252009,0.015775,64,52,0.265887,0.000799,64,52,1
111.90.33.178,192.168.10.5,202305251031,8,6,14,0,3389,1,5.847132,0.0,83,40,5.888917,0.03677,59,40,1
198.199.117.136,192.168.10.5,202305251030,5,10,15,0,5269,1,54.380068,0.000894,60,44,22.757575,1e-06,60,44,1
113.142.66.88,192.168.10.5,202305251031,5,5,10,0,5900,1,0.22548,0.0,64,52,0.224389,0.001091,64,52,1
92.114.200.51,192.168.10.5,202305251030,170,163,333,0,2323,1,1.780214,0.0,64,40,1.641893,0.0,60,44,1
54.39.186.162,192.168.10.5,202305251031,4,3,7,0,3389,1,0.20018,0.000891,83,40,0.173554,0.026764,59,40,1
83.48.70.199,192.168.10.5,202305251030,12,9,21,0,3389,1,59.695911,0.0,83,40,59.99543,0.020782,59,40,1
171.249.163.194,192.168.10.5,202305251031,4,3,7,0,3389,1,0.245492,0.0,83,40,0.221857,0.022834,59,40,1
125.191.210.226,192.168.10.5,202305251029,12,72,84,0,80,2,60.521807,0.030992,52,52,28.810081,0.0,52,52,1
194.87.151.140,192.168.10.5,202305251032,8,9,17,0,25,1,0.229665,1e-06,52,40,0.229439,0.000193,112,40,1
120.57.116.193,192.168.10.5,202305251032,2,1,3,0,23,1,0.156968,0.156968,44,40,-10000,-10000,44,44,1
154.16.66.252,192.168.10.5,202305251032,3,3,6,0,28330,1,14.568295,1.258371,40,40,14.568295,1.258224,40,40,1
69.234.243.123,192.168.10.5,202305251032,6,5,11,0,13000,1,1.228546,0.0,96,52,1.007292,0.0,60,52,1
45.86.190.21,192.168.10.5,202305251032,5,5,10,0,5900,1,0.24456,0.0,64,52,0.243391,0.001169,64,52,1
14.224.149.47,192.168.10.5,202305251032,20,16,36,0,3389,1,0.791246,0.0,83,40,0.817116,0.0,59,40,1
114.132.248.19,192.168.10.5,202305251032,5,5,10,0,5900,1,0.214992,0.0,64,52,0.215391,0.000813,64,52,1
194.163.131.214,192.168.10.5,202305251032,3,1,4,0,55950,1,0.249894,0.005951,44,40,-10000,-10000,44,44,1
45.118.139.94,192.168.10.5,202305251032,4,3,7,0,3389,1,0.160836,0.0,83,40,0.09287,0.065441,59,40,1
47.252.17.62,192.168.10.5,202305251032,160,160,320,0,27960,1,1.180866,0.0,275,40,1.179433,0.0,60,44,1
217.76.52.235,192.168.10.5,202305251032,5,5,10,0,5900,1,0.255859,0.0,64,52,0.254109,0.00175,64,52,1
83.48.70.199,192.168.10.5,202305251032,4,3,7,0,3389,1,0.37426,0.002355,83,40,0.321319,0.054472,59,40,1
167.94.138.159,192.168.10.5,202305251032,2,1,3,0,12233,1,0.198717,0.198717,44,40,-10000,-10000,44,44,1
167.248.133.132,192.168.10.5,202305251033,2,1,3,0,5060,1,0.140327,0.140327,44,40,-10000,-10000,44,44,1
167.94.138.124,192.168.10.5,202305251032,14,10,24,0,12233,1,1.204934,0.0,295,40,1.208253,0.0,60,40,1
167.248.133.34,192.168.10.5,202305251033,7,7,14,0,5060,1,0.227469,0.002661,314,52,0.145366,0.089394,60,40,1
115.200.8.0,192.168.10.5,202305251032,7,5,12,0,23,1,30.458311,0.000562,60,40,30.633771,0.17453,60,44,1
167.94.138.149,192.168.10.5,202305251033,2,1,3,0,20440,1,0.200775,0.200775,44,40,-10000,-10000,44,44,1
95.214.55.85,192.168.10.5,202305251033,2,1,3,0,8097,1,0.279364,0.279364,44,40,-10000,-10000,44,44,1
192.168.3.118,172.29.148.192,202305251032,20,0,20,0,55443,1,12.853939,1.003407,60,60,-10000,-10000,-10000,-10000,0
162.142.125.160,192.168.10.5,202305251033,4,2,6,0,12233,2,33.124929,0.137935,60,40,33.263151,33.263151,60,60,1
167.94.138.127,192.168.10.5,202305251033,13,9,22,0,20440,1,1.2074,0.0,295,52,1.206346,0.0,60,52,1
91.240.118.221,192.168.10.5,202305251033,3,1,4,0,8697,1,0.280853,0.003341,44,40,-10000,-10000,44,44,1
112.44.201.100,192.168.10.5,202305251033,5,5,10,0,5900,1,0.130187,0.0,64,52,0.129367,0.000801,64,52,1
45.134.144.212,192.168.10.5,202305251033,3,1,4,0,3306,1,0.217746,0.004428,44,40,-10000,-10000,44,44,1
146.88.240.4,192.168.10.5,202305251033,1,0,0,1,389,1,-10000,-10000,81,81,-10000,-10000,-10000,-10000,1
94.201.93.94,192.168.10.5,202305251033,8,6,14,0,3389,1,59.804584,0.0,83,40,59.966945,0.030343,59,40,1
162.216.150.83,192.168.10.5,202305251033,8,6,14,0,2804,1,51.818839,0.0,377,40,51.988766,0.0,60,44,1
217.76.52.235,192.168.10.5,202305251034,5,5,10,0,5900,1,0.252131,0.0,64,52,0.251244,0.001002,64,52,1
54.39.186.162,192.168.10.5,202305251034,4,3,7,0,3389,1,0.213901,0.00295,83,40,0.170928,0.042132,59,40,1
103.162.36.21,192.168.10.5,202305251034,4,3,7,0,3389,1,0.127486,0.0,83,40,0.094318,0.034005,59,40,1
185.233.19.94,192.168.10.5,202305251033,1,6,7,0,443,1,-10000,-10000,44,44,16.239986,1.029502,44,44,1
221.12.138.99,192.168.10.5,202305251034,5,3,8,0,6379,1,0.256539,0.000108,66,52,0.256441,0.059651,60,52,1
81.30.158.191,192.168.10.5,202305251034,5,5,10,0,5900,1,0.251388,0.001506,64,52,0.251763,0.00145,64,52,1
162.216.150.22,192.168.10.5,202305251035,1,1,2,0,911,1,-10000,-10000,44,44,-10000,-10000,40,40,1
111.90.33.178,192.168.10.5,202305251035,9,8,17,0,3389,1,1.013703,1e-06,83,40,1.013704,9.2e-05,59,40,1
217.76.53.53,192.168.10.5,202305251035,3,1,4,0,55975,1,0.250186,0.013687,44,40,-10000,-10000,44,44,1
49.12.45.220,192.168.10.5,202305251035,6,6,12,0,25565,1,1.272632,0.000896,71,52,1.008241,0.0,60,52,1
192.168.10.4,192.168.10.5,202305251035,36,14,50,0,64297,1,5.039099,0.0,575,52,5.039113,0.0,3876,40,1
190.217.48.35,192.168.10.5,202305251035,4,3,7,0,3389,1,0.282405,0.001195,83,40,0.228951,0.053062,59,40,1
83.48.70.199,192.168.10.5,202305251034,12,11,23,0,3389,1,33.686267,0.0,83,40,34.006415,0.0,59,40,1
167.248.133.169,192.168.10.5,202305251035,2,1,3,0,12210,1,0.139073,0.139073,44,40,-10000,-10000,44,44,1
167.248.133.126,192.168.10.5,202305251035,13,9,22,0,12210,1,1.145915,0.0,295,52,1.149762,0.0,60,52,1
162.142.125.160,192.168.10.5,202305251035,2,1,3,0,12210,1,0.146254,0.146254,60,40,-10000,-10000,60,60,1
139.99.134.153,192.168.10.5,202305251035,5,5,10,0,5900,1,0.147169,0.001145,64,52,0.145872,0.001101,64,52,1
139.59.1.180,192.168.10.5,202305251034,7,5,12,0,11222,1,42.638685,1e-06,60,40,42.758498,9.2e-05,60,44,1
217.76.52.235,192.168.10.5,202305251035,5,5,10,0,5900,1,0.264878,0.006085,64,52,0.269632,0.001618,64,52,1
176.113.115.104,192.168.10.5,202305251035,3,1,4,0,49106,1,0.277103,0.002325,44,40,-10000,-10000,44,44,1
43.133.11.82,192.168.10.5,202305251035,17,13,30,0,9607,1,10.001214,0.0,295,40,10.015233,0.0,60,52,1
193.32.162.189,192.168.10.5,202305251035,2,1,3,0,34567,1,0.266578,0.266578,44,40,-10000,-10000,44,44,1
47.252.10.101,192.168.10.5,202305251035,151,152,303,0,27901,1,1.184426,0.0,275,40,1.175776,0.0,60,44,1
185.122.204.71,192.168.10.5,202305251035,3,1,4,0,49108,1,0.282093,0.004727,44,40,-10000,-10000,44,44,1
39.98.58.93,192.168.10.5,202305251036,7,3,10,0,6379,1,0.102333,0.0,66,40,0.103784,0.0,60,40,1
94.201.93.94,192.168.10.5,202305251036,4,3,7,0,3389,1,0.254081,0.003272,83,40,0.160604,0.095642,59,40,1
162.216.149.9,192.168.10.5,202305251035,7,6,13,0,29840,1,52.889725,0.0,378,40,53.059502,0.0,60,44,1
47.90.253.214,192.168.10.5,202305251035,151,151,302,0,27900,1,1.181302,0.0,275,40,1.177618,0.0,60,44,1
83.48.70.199,192.168.10.5,202305251036,4,3,7,0,3389,1,0.444117,0.000314,83,40,0.312505,0.128608,59,40,1
47.104.129.239,192.168.10.5,202305251036,7,3,10,0,6379,1,0.053319,0.0,66,40,0.053967,0.0,60,40,1
94.102.49.43,192.168.10.5,202305251036,3,1,4,0,47903,1,0.253954,0.000624,44,40,-10000,-10000,44,44,1
192.241.205.18,192.168.10.5,202305251036,1,0,0,1,5222,1,-10000,-10000,51,51,-10000,-10000,-10000,-10000,1
167.99.141.170,192.168.10.5,202305251036,3,3,6,0,2000,1,1.349803,0.509683,44,40,1.51775,0.0,44,40,1
207.154.245.35,192.168.10.5,202305251036,3,2,5,0,24422,1,0.265275,0.003529,44,40,0.26807,0.26807,44,40,1
54.39.186.162,192.168.10.5,202305251036,4,3,7,0,3389,1,0.249581,0.003296,83,40,0.170997,0.078682,59,40,1
217.76.52.235,192.168.10.5,202305251037,5,5,10,0,5900,1,0.274358,0.027413,64,52,0.273462,0.001122,64,52,1
47.252.10.101,192.168.10.5,202305251037,10,9,19,0,27901,1,1.277671,0.003627,96,52,1.278199,0.0,60,52,1
162.142.125.135,192.168.10.5,202305251037,2,1,3,0,20201,1,0.149544,0.149544,44,40,-10000,-10000,44,44,1
162.216.150.144,192.168.10.5,202305251036,8,6,14,0,46300,1,51.467987,0.000922,259,40,51.637272,0.0,60,44,1
162.142.125.214,192.168.10.5,202305251037,14,10,24,0,20201,1,1.157918,0.0,295,40,1.156893,0.0,60,40,1
162.142.125.160,192.168.10.5,202305251037,2,1,3,0,20201,1,0.137706,0.137706,60,40,-10000,-10000,60,60,1
121.172.188.59,192.168.10.5,202305251037,15,12,27,0,22,1,1.066491,0.0,352,40,0.975889,0.001642,888,40,1
125.124.103.150,192.168.10.5,202305251037,6,10,16,0,5900,1,4.591786,0.0,64,52,2.22315,0.001361,64,52,1
103.91.210.103,192.168.10.5,202305251037,5,5,10,0,5900,1,0.161495,0.004138,52,40,0.160498,0.000943,52,40,1
89.248.163.200,192.168.10.5,202305251037,3,1,4,0,2375,1,0.236522,0.006028,44,40,-10000,-10000,44,44,1
47.90.253.214,192.168.10.5,202305251037,9,9,18,0,27900,1,1.179337,0.0,96,52,1.178666,0.0,60,52,1
202.169.53.11,192.168.10.5,202305251037,3,2,5,0,4771,1,0.197466,0.003517,44,40,0.20046,0.20046,44,40,1
103.162.36.21,192.168.10.5,202305251037,4,4,8,0,3389,1,0.188802,0.0,83,40,0.096178,9.3e-05,59,40,1
83.48.70.199,192.168.10.5,202305251037,8,6,14,0,3389,1,7.48195,0.000595,83,40,7.800006,0.034901,59,40,1
185.167.96.146,192.168.10.5,202305251037,2,1,3,0,1025,1,0.253237,0.253237,44,40,-10000,-10000,44,44,1
91.240.118.224,192.168.10.5,202305251037,3,1,4,0,6955,1,0.280599,0.004728,44,40,-10000,-10000,44,44,1
184.105.247.244,192.168.10.5,202305251037,8,6,14,0,5985,1,17.566571,0.000298,249,40,17.679591,0.0,48,40,1
60.161.7.189,192.168.10.5,202305251037,2,7,9,0,23,1,0.141206,0.141206,44,44,16.243737,0.141206,44,44,1
106.14.41.171,192.168.10.5,202305251038,5,5,10,0,5900,1,0.169476,0.0,64,52,0.168436,0.00085,64,52,1
124.221.178.222,192.168.10.5,202305251038,5,6,11,0,5900,1,0.743193,5e-05,64,52,0.570941,0.000497,64,52,1
45.155.91.56,192.168.10.5,202305251038,3,1,4,0,50607,1,0.273461,0.007142,44,40,-10000,-10000,44,44,1
83.48.125.216,192.168.10.5,202305251038,4,3,7,0,3389,1,0.351541,1e-06,83,40,0.30951,0.038162,59,40,1
35.203.210.141,192.168.10.5,202305251037,8,6,14,0,9906,1,53.566142,0.000298,377,40,53.787846,0.0,60,44,1
89.248.168.220,192.168.10.5,202305251038,3,1,4,0,53578,1,0.223412,0.005983,44,40,-10000,-10000,44,44,1
35.203.211.142,192.168.10.5,202305251037,8,6,14,0,8829,1,52.969396,1e-06,377,40,53.193763,1e-06,60,44,1
112.171.185.240,192.168.10.5,202305251037,10,55,65,0,443,2,4.754704,0.043746,52,52,6.702737,0.0,52,52,1
125.212.243.141,192.168.10.5,202305251038,4,3,7,0,3389,1,0.171564,0.0,83,40,0.0999,0.066536,59,40,1
59.91.171.77,192.168.10.5,202305251038,10,11,21,0,80,1,0.292559,0.0,235,44,16.240144,0.0,4071,44,1
66.240.236.109,192.168.10.5,202305251038,1,1,2,0,53,1,-10000,-10000,44,44,-10000,-10000,40,40,1
111.90.33.178,192.168.10.5,202305251038,6,7,13,0,3389,1,0.857895,0.058287,83,40,0.795131,0.030147,59,40,1
51.15.11.91,192.168.10.5,202305251038,100,0,0,100,11211,1,2.897099,0.0,44,44,-10000,-10000,-10000,-10000,1
83.48.70.199,192.168.10.5,202305251038,4,3,7,0,3389,1,0.328901,0.001145,83,40,0.307325,0.020128,59,40,1
124.234.247.143,192.168.10.5,202305251038,6,4,10,0,23,1,19.850496,0.138234,60,40,0.712003,0.244827,60,44,1
170.106.176.49,192.168.10.5,202305251038,17,13,30,0,4384,1,10.002709,1e-06,295,40,10.123222,0.0,60,52,1
121.172.188.59,192.168.10.5,202305251039,1,1,2,0,22,1,-10000,-10000,40,40,-10000,-10000,40,40,1
81.30.158.191,192.168.10.5,202305251039,5,5,10,0,5900,1,0.246225,1e-06,64,52,0.245013,0.001348,64,52,1
94.201.93.94,192.168.10.5,202305251038,8,6,14,0,3389,1,53.902466,0.000642,83,40,54.065879,0.029303,59,40,1
162.216.149.90,192.168.10.5,202305251039,4,4,8,0,22885,1,1.231852,0.0,44,44,1.399075,0.0,44,40,1
54.39.186.162,192.168.10.5,202305251039,4,3,7,0,3389,1,0.217725,0.000405,83,40,0.17422,0.039944,59,40,1
176.113.115.104,192.168.10.5,202305251039,3,1,4,0,49111,1,0.277654,0.000632,44,40,-10000,-10000,44,44,1
59.80.22.112,192.168.10.5,202305251039,4,8,12,0,5900,1,2.160319,0.167991,64,52,1.030905,0.001636,64,52,1
36.97.104.107,192.168.10.5,202305251038,2,7,9,0,23,1,0.477479,0.477479,44,44,16.239688,0.477479,44,44,1
152.89.198.103,192.168.10.5,202305251039,3,1,4,0,49109,1,0.282972,0.001246,44,40,-10000,-10000,44,44,1
43.129.35.207,192.168.10.5,202305251039,2,1,3,0,9109,1,0.106982,0.106982,52,40,-10000,-10000,52,52,1
222.179.39.200,192.168.10.5,202305251039,4,4,8,0,10610,1,1.255884,1e-06,44,40,1.267649,0.0,44,40,1
50.31.21.4,192.168.10.5,202305251038,146,146,292,0,5985,1,1.160195,0.0,275,40,1.180109,0.0,60,44,1
45.118.139.94,192.168.10.5,202305251039,4,3,7,0,3389,1,0.128362,0.000327,83,40,0.087386,0.038261,59,40,1
192.241.218.14,192.168.10.5,202305251039,1,6,7,0,5800,1,-10000,-10000,44,44,16.239692,1.014977,44,44,1
139.59.86.114,192.168.10.5,202305251039,3,2,5,0,42822,1,0.117904,0.001785,44,40,0.119011,0.119011,44,40,1
64.62.197.206,192.168.10.5,202305251040,2,1,3,0,6080,1,0.117403,0.117403,44,40,-10000,-10000,44,44,1
167.94.145.93,192.168.10.5,202305251040,2,1,3,0,2000,1,0.24041,0.24041,44,40,-10000,-10000,44,44,1
64.62.197.207,192.168.10.5,202305251040,6,5,11,0,6080,1,1.126911,0.0,249,40,1.008402,0.0,48,40,1
167.94.145.60,192.168.10.5,202305251040,24,17,41,0,2000,1,1.257718,0.0,295,40,1.254702,0.0,60,52,1
139.99.134.153,192.168.10.5,202305251040,5,5,10,0,5900,1,0.146772,0.0,64,52,0.145776,0.000848,64,52,1
190.217.48.35,192.168.10.5,202305251040,5,3,8,0,3389,1,0.378559,0.002173,83,40,0.235529,0.027225,59,40,1
185.81.68.110,192.168.10.5,202305251040,3,1,4,0,49110,1,0.284166,0.003569,44,40,-10000,-10000,44,44,1
45.155.91.56,192.168.10.5,202305251040,3,1,4,0,5074,1,0.251997,0.013134,44,40,-10000,-10000,44,44,1
172.104.19.160,192.168.10.5,202305251041,2,1,3,0,2222,1,0.164468,0.164468,44,40,-10000,-10000,44,44,1
121.5.22.7,192.168.10.5,202305251041,6,6,12,0,5900,1,1.001749,0.00062,64,52,1.001558,0.000349,64,52,1
122.51.127.85,192.168.10.5,202305251041,5,6,11,0,5900,1,0.850902,0.0,64,52,0.64524,0.001276,64,52,1
83.48.70.199,192.168.10.5,202305251040,12,9,21,0,3389,1,51.923964,0.000296,83,40,52.233998,0.119597,59,40,1
45.79.181.94,192.168.10.5,202305251041,5,5,10,0,2222,1,1.172515,0.0,190,52,1.008847,0.0,56,52,1
14.224.149.47,192.168.10.5,202305251041,21,24,45,0,3389,1,1.223749,0.0,83,40,1.038361,0.0,59,40,1
45.79.181.223,192.168.10.5,202305251041,15,15,30,0,2222,1,1.185422,0.0,64,52,1.008239,0.0,56,52,1
185.252.179.100,192.168.10.5,202305251041,16,17,33,0,25,1,0.384961,0.0,52,40,0.387892,0.000444,112,40,1
120.26.196.119,192.168.10.5,202305251041,5,5,10,0,5900,1,0.189714,0.0,64,52,0.188769,0.000896,64,52,1
50.31.21.4,192.168.10.5,202305251041,11,9,20,0,5985,1,39.831112,0.007126,96,52,39.831598,0.0,60,52,1
54.39.186.162,192.168.10.5,202305251041,4,3,7,0,3389,1,0.220395,0.001361,83,40,0.168112,0.052909,59,40,1
146.56.175.64,192.168.10.5,202305251041,5,3,8,0,6379,1,0.258561,0.001123,66,52,0.25856,0.040147,60,52,1
159.223.66.163,192.168.10.5,202305251042,5,3,8,0,6379,1,0.253496,0.002676,66,52,0.253497,0.077228,60,52,1
89.248.165.14,192.168.10.5,202305251042,3,1,4,0,34505,1,0.230536,0.004708,44,40,-10000,-10000,44,44,1
107.170.240.26,192.168.10.5,202305251041,6,11,17,0,8084,1,38.992811,0.0,76,44,16.23991,9.7e-05,60,44,1
38.99.81.158,192.168.10.5,202305251042,1,1,2,0,570,1,-10000,-10000,44,44,-10000,-10000,40,40,1
83.48.70.199,192.168.10.5,202305251042,4,3,7,0,3389,1,0.344329,0.0,83,40,0.308332,0.031794,59,40,1
192.241.218.14,192.168.10.5,202305251042,4,4,8,0,5800,1,1.12452,0.000896,60,52,1.122745,4.7e-05,60,52,1
111.90.33.178,192.168.10.5,202305251042,8,7,15,0,3389,1,1.080641,0.0,83,40,1.038965,0.033553,59,40,1
179.43.177.244,192.168.10.5,202305251042,7,6,13,0,8080,1,1.27254,0.0,60,40,1.008956,0.0,60,44,1
94.201.93.94,192.168.10.5,202305251042,8,6,14,0,3389,1,21.177894,5.5e-05,83,40,21.341946,0.021408,59,40,1
103.162.36.21,192.168.10.5,202305251042,4,3,7,0,3389,1,0.194791,0.000603,83,40,0.096154,0.09603,59,40,1
45.86.190.21,192.168.10.5,202305251043,5,5,10,0,5900,1,0.239872,0.015833,64,52,0.254701,0.000739,64,52,1
81.30.158.191,192.168.10.5,202305251043,5,5,10,0,5900,1,0.242168,0.000255,64,52,0.241931,0.001799,64,52,1
120.79.43.91,192.168.10.5,202305251043,7,7,14,0,5900,1,0.64257,1e-06,64,52,0.642569,0.001895,64,52,1
125.191.210.226,192.168.10.5,202305251040,11,61,72,0,443,2,81.661876,0.002095,52,52,49.976469,0.0,52,52,1
185.81.68.110,192.168.10.5,202305251043,3,1,4,0,49114,1,0.281455,0.004049,44,40,-10000,-10000,44,44,1
89.248.168.220,192.168.10.5,202305251043,3,1,4,0,55695,1,0.223997,0.000591,44,40,-10000,-10000,44,44,1
192.3.127.40,192.168.10.5,202305251043,5,3,8,0,6379,1,0.255321,0.002001,66,52,0.255321,0.115438,60,52,1
185.122.204.71,192.168.10.5,202305251043,3,1,4,0,49112,1,0.274975,0.002135,44,40,-10000,-10000,44,44,1
157.230.56.253,192.168.10.5,202305251043,5,4,9,0,9033,1,1.16427,0.0003,60,52,1.165029,9.9e-05,60,52,1
94.102.61.46,192.168.10.5,202305251043,7,11,18,0,2271,1,33.458218,1e-06,259,44,16.240209,1e-06,60,44,1
194.26.29.86,192.168.10.5,202305251043,3,1,4,0,3029,1,0.284482,0.01398,44,40,-10000,-10000,44,44,1
152.89.198.103,192.168.10.5,202305251044,3,1,4,0,49113,1,0.282095,0.002157,44,40,-10000,-10000,44,44,1
185.217.131.153,192.168.10.5,202305251044,1,0,0,1,1900,1,-10000,-10000,63,63,-10000,-10000,-10000,-10000,1
54.39.186.162,192.168.10.5,202305251044,4,3,7,0,3389,1,0.223113,0.003319,83,40,0.171147,0.052745,59,40,1
167.99.198.163,192.168.10.5,202305251044,60,42,102,0,8443,1,0.25744,0.0,481,40,0.257222,0.0,1503,52,1
36.88.29.219,192.168.10.5,202305251044,6,4,10,0,3622,1,1.349744,0.0,60,40,1.343964,1e-06,60,52,1
176.113.115.104,192.168.10.5,202305251044,3,1,4,0,49115,1,0.281004,0.004668,44,40,-10000,-10000,44,44,1
89.248.168.210,192.168.10.5,202305251044,3,1,4,0,59580,1,0.244007,0.001827,44,40,-10000,-10000,44,44,1
83.48.70.199,192.168.10.5,202305251043,12,9,21,0,3389,1,44.500823,1e-06,83,40,44.817294,0.029063,59,40,1
85.113.104.34,192.168.10.5,202305251044,57,44,101,0,80,1,13.475812,0.0,241,40,13.811939,0.0,4071,44,1
117.247.106.150,192.168.10.5,202305251030,11687,9849,21536,0,445,1,9.6673,0.0,150,40,11.603924,0.0,129,40,1
122.114.15.135,192.168.10.5,202305251044,5,5,10,0,5900,1,0.114343,0.006277,64,52,0.11276,0.001583,64,52,1
162.216.149.9,192.168.10.5,202305251044,1,0,0,1,14800,1,-10000,-10000,36,36,-10000,-10000,-10000,-10000,1
106.15.180.108,192.168.10.5,202305251044,5,3,8,0,6379,1,0.256169,0.001228,66,52,0.25607,0.17791,60,52,1
162.243.141.12,192.168.10.5,202305251044,1,6,7,0,9200,1,-10000,-10000,44,44,16.239843,1.014647,44,44,1
104.236.128.16,192.168.10.5,202305251045,1,0,0,1,7474,1,-10000,-10000,51,51,-10000,-10000,-10000,-10000,1
36.133.125.177,192.168.10.5,202305251045,5,6,11,0,5900,1,0.443581,0.000296,64,52,0.342824,0.001099,64,52,1
92.63.197.110,192.168.10.5,202305251045,3,1,4,0,3382,1,0.246424,0.01997,44,40,-10000,-10000,44,44,1
165.22.177.218,192.168.10.5,202305251045,3,1,4,0,5085,1,0.252586,0.173379,44,40,-10000,-10000,44,44,1
167.248.133.129,192.168.10.5,202305251045,2,1,3,0,1433,1,0.143856,0.143856,44,40,-10000,-10000,44,44,1
167.248.133.51,192.168.10.5,202305251045,6,4,10,0,1433,1,0.155556,0.000589,99,52,0.14479,0.011809,95,52,1
162.142.125.160,192.168.10.5,202305251045,2,1,3,0,1433,1,0.139424,0.139424,60,40,-10000,-10000,60,60,1
107.170.251.5,192.168.10.5,202305251044,1,6,7,0,9200,1,-10000,-10000,44,44,16.239891,1.038287,44,44,1
83.48.125.216,192.168.10.5,202305251045,4,3,7,0,3389,1,0.353701,0.0,83,40,0.309686,0.037604,59,40,1
36.138.248.95,192.168.10.5,202305251045,6,6,12,0,5900,1,1.000724,1e-06,64,52,1.000666,0.001568,64,52,1
94.201.93.94,192.168.10.5,202305251045,4,4,8,0,3389,1,0.200213,1e-06,83,40,0.156913,0.0,59,40,1
80.94.95.18,192.168.10.5,202305251045,11,10,21,0,22,1,1.276436,0.0,1412,52,0.97334,0.001847,699,52,1
65.49.20.73,192.168.10.5,202305251045,2,1,3,0,8001,1,0.117364,0.117364,44,40,-10000,-10000,44,44,1
83.48.70.199,192.168.10.5,202305251045,4,3,7,0,3389,1,0.374305,0.000999,83,40,0.306079,0.065886,59,40,1
139.99.134.153,192.168.10.5,202305251045,5,5,10,0,5900,1,0.160541,0.0,64,52,0.158919,0.001622,64,52,1
103.158.96.154,192.168.10.5,202305251045,8,6,14,0,3389,1,1.696783,1e-06,83,40,1.032072,0.050541,59,40,1
167.94.146.68,192.168.10.5,202305251045,2,1,3,0,5060,1,0.27351,0.27351,44,40,-10000,-10000,44,44,1
167.94.146.58,192.168.10.5,202305251045,7,7,14,0,5060,1,0.269897,0.000626,314,52,0.267043,0.005426,60,40,1
92.118.39.35,192.168.10.5,202305251046,2,1,3,0,4200,1,0.283271,0.283271,44,40,-10000,-10000,44,44,1
111.90.33.178,192.168.10.5,202305251046,9,7,16,0,3389,1,1.016121,0.0,83,40,1.016122,0.045225,59,40,1
194.26.29.37,192.168.10.5,202305251046,3,1,4,0,2032,1,0.303545,0.036671,44,40,-10000,-10000,44,44,1
65.49.20.69,192.168.10.5,202305251046,6,5,11,0,8001,1,1.126862,0.0,200,40,1.008502,1e-06,48,40,1
45.118.139.94,192.168.10.5,202305251046,4,3,7,0,3389,1,0.130747,0.000501,83,40,0.093399,0.035273,59,40,1
47.90.253.214,192.168.10.5,202305251045,151,150,301,0,27347,1,1.18884,0.0,275,40,1.208007,0.0,60,44,1
128.116.35.103,192.168.10.5,202305251045,20,45,65,0,80,2,16.472612,0.009526,52,40,13.662073,0.0,52,52,1
125.212.243.141,192.168.10.5,202305251046,4,3,7,0,3389,1,0.1587,0.002193,83,40,0.104754,0.048674,59,40,1
171.249.163.194,192.168.10.5,202305251046,4,3,7,0,3389,1,0.293304,0.000925,83,40,0.227144,0.060122,59,40,1
162.216.149.36,192.168.10.5,202305251046,1,1,2,0,467,1,-10000,-10000,44,44,-10000,-10000,40,40,1
190.217.48.35,192.168.10.5,202305251046,4,3,7,0,3389,1,0.317147,0.000967,83,40,0.232247,0.083431,59,40,1
162.243.148.20,192.168.10.5,202305251046,1,6,7,0,9200,1,-10000,-10000,44,44,16.239731,1.015301,44,44,1
81.30.158.191,192.168.10.5,202305251046,5,5,10,0,5900,1,0.252681,0.000546,64,52,0.252344,0.000999,64,52,1
54.39.186.162,192.168.10.5,202305251047,4,3,7,0,3389,1,0.285669,0.000299,83,40,0.172048,0.110276,59,40,1
162.216.149.92,192.168.10.5,202305251046,8,7,15,0,9116,1,52.849002,1e-06,377,40,53.019202,0.0,60,44,1
83.48.70.199,192.168.10.5,202305251047,8,6,14,0,3389,1,0.376551,0.0,83,40,0.319248,0.056812,59,40,1
94.201.93.94,192.168.10.5,202305251047,4,4,8,0,3389,1,0.203783,0.0,83,40,0.158448,0.0,59,40,1
94.102.49.43,192.168.10.5,202305251047,3,1,4,0,49486,1,0.241614,0.00326,44,40,-10000,-10000,44,44,1
43.155.155.143,192.168.10.5,202305251047,17,13,30,0,9998,1,10.003282,0.0,295,40,10.059259,0.0,60,52,1
107.170.243.4,192.168.10.5,202305251047,2,1,3,0,9200,1,0.111372,0.111372,44,40,-10000,-10000,44,44,1
106.13.223.201,192.168.10.5,202305251047,6,6,12,0,5900,1,1.001737,0.0,64,52,1.00166,0.00169,64,52,1
83.48.70.199,192.168.10.5,202305251048,4,3,7,0,3389,1,0.375647,0.000893,83,40,0.302464,0.073959,59,40,1
47.90.253.214,192.168.10.5,202305251048,11,9,20,0,27347,1,2.494262,0.029755,96,52,2.707967,0.0,60,52,1
162.216.150.14,192.168.10.5,202305251047,7,6,13,0,9038,1,51.825082,0.0,377,40,51.993482,0.0,60,44,1
162.243.141.12,192.168.10.5,202305251048,6,4,10,0,9200,1,0.120683,0.0,173,52,0.126639,0.003383,328,52,1
89.248.168.220,192.168.10.5,202305251048,3,1,4,0,52580,1,0.245485,0.005932,44,40,-10000,-10000,44,44,1
222.186.13.133,192.168.10.5,202305251048,1,0,0,1,32761,1,-10000,-10000,68,68,-10000,-10000,-10000,-10000,1
107.170.251.5,192.168.10.5,202305251048,14,4,18,0,9200,1,0.125301,0.0,179,52,0.124496,0.006301,13089,52,1
162.243.148.20,192.168.10.5,202305251048,5,3,8,0,9200,1,9.907907,0.0,180,52,9.908736,0.114366,60,52,1
94.201.93.94,192.168.10.5,202305251048,4,3,7,0,3389,1,0.176378,0.002323,83,40,0.158123,0.019944,59,40,1
35.203.211.19,192.168.10.5,202305251048,8,6,14,0,48731,1,52.451523,0.000628,259,40,52.67115,0.0,60,44,1
198.199.105.162,192.168.10.5,202305251048,6,9,15,0,9200,1,42.505466,0.001228,180,44,16.240127,0.116712,60,44,1
185.122.204.71,192.168.10.5,202305251048,3,1,4,0,49116,1,0.281286,0.002048,44,40,-10000,-10000,44,44,1
167.248.133.150,192.168.10.5,202305251049,2,1,3,0,3088,1,0.138879,0.138879,44,40,-10000,-10000,44,44,1
35.203.210.63,192.168.10.5,202305251048,8,6,14,0,56220,1,54.123932,0.000326,259,40,54.344961,0.0,60,44,1
167.248.133.50,192.168.10.5,202305251049,14,10,24,0,3088,1,1.153313,1e-06,295,40,1.14327,0.0,60,40,1
43.163.219.230,192.168.10.5,202305251049,17,13,30,0,30007,1,10.003591,0.0,295,40,10.015898,0.0,60,52,1
54.39.186.162,192.168.10.5,202305251049,4,3,7,0,3389,1,0.269262,0.0,83,40,0.165288,0.096591,59,40,1
111.90.33.178,192.168.10.5,202305251049,8,6,14,0,3389,1,0.096848,0.00092,83,40,0.08028,0.014627,59,40,1
167.94.138.110,192.168.10.5,202305251049,2,1,3,0,3306,1,0.202559,0.202559,44,40,-10000,-10000,44,44,1
162.142.125.160,192.168.10.5,202305251049,4,2,6,0,3088,2,40.341526,0.137034,60,40,40.496019,40.496019,60,60,1
167.94.138.34,192.168.10.5,202305251049,5,3,8,0,3306,1,0.196884,0.003271,60,52,0.197833,0.197722,108,52,1
14.224.149.47,192.168.10.5,202305251049,20,16,36,0,3389,1,0.958031,0.0,83,40,0.955116,0.0,59,40,1
161.35.190.56,192.168.10.5,202305251050,3,1,4,0,5601,1,0.220107,0.001863,44,40,-10000,-10000,44,44,1
192.168.10.4,192.168.10.5,202305251050,32,11,43,0,64297,1,5.03589,0.0,575,52,5.035904,1e-06,3876,52,1
139.144.183.30,192.168.10.5,202305251050,12,8,20,0,5601,1,2.185377,0.004769,291,52,2.489243,0.0,60,52,1
128.116.8.20,192.168.10.5,202305251049,12,32,44,0,443,2,27.503241,0.039333,52,40,27.778639,0.027775,52,44,1
68.183.89.98,192.168.10.5,202305251050,3,1,4,0,10422,1,0.139076,0.002104,44,40,-10000,-10000,44,44,1
83.48.70.199,192.168.10.5,202305251049,12,9,21,0,3389,1,45.602878,1e-06,83,40,45.920317,0.020639,59,40,1
81.30.158.191,192.168.10.5,202305251050,5,5,10,0,5900,1,0.249937,1e-06,64,52,0.249402,0.000535,64,52,1
139.99.134.153,192.168.10.5,202305251050,5,5,10,0,5900,1,0.147455,0.0,64,52,0.145868,0.001451,64,52,1
185.224.128.17,192.168.10.5,202305251050,2,1,3,0,1888,1,0.252295,0.252295,44,40,-10000,-10000,44,44,1
94.102.49.43,192.168.10.5,202305251050,3,1,4,0,50929,1,0.238313,0.008035,44,40,-10000,-10000,44,44,1
89.248.168.220,192.168.10.5,202305251050,3,1,4,0,55998,1,0.248458,0.00226,44,40,-10000,-10000,44,44,1
168.196.26.23,192.168.10.5,202305251050,7,4,11,0,23,1,31.068753,0.01457,60,40,31.431266,0.362675,60,44,1
47.98.172.121,192.168.10.5,202305251050,7,3,10,0,6379,1,0.171246,0.0,66,40,0.17253,0.0,60,40,1
146.88.240.4,192.168.10.5,202305251051,1,0,0,1,3389,1,-10000,-10000,44,44,-10000,-10000,-10000,-10000,1
162.142.125.90,192.168.10.5,202305251051,2,1,3,0,17020,1,0.1498,0.1498,44,40,-10000,-10000,44,44,1
103.162.36.21,192.168.10.5,202305251051,4,3,7,0,3389,1,0.164405,1e-06,83,40,0.096199,0.069933,59,40,1
162.142.125.12,192.168.10.5,202305251051,14,10,24,0,17020,1,1.159748,0.0,295,40,1.143283,0.0,60,40,1
162.142.125.160,192.168.10.5,202305251051,2,1,3,0,17020,1,0.150181,0.150181,60,40,-10000,-10000,60,60,1
47.90.253.214,192.168.10.5,202305251050,151,152,303,0,27010,1,1.187211,0.0,275,40,1.178281,0.0,60,44,1
120.79.85.217,192.168.10.5,202305251051,5,6,11,0,5900,1,0.8484,0.0,64,52,0.63347,0.000996,64,52,1
80.82.77.144,192.168.10.5,202305251051,2,1,3,0,2000,1,0.248697,0.248697,44,40,-10000,-10000,44,44,1
118.123.105.90,192.168.10.5,202305251051,7,6,13,0,8989,1,33.916283,0.000794,127,40,34.160807,1e-06,60,44,1
192.168.3.118,172.29.148.192,202305251050,20,0,20,0,55443,1,12.851425,1.004983,60,60,-10000,-10000,-10000,-10000,0
35.203.210.81,192.168.10.5,202305251050,7,6,13,0,43566,1,52.274628,0.00096,84,40,52.497066,0.0,60,44,1
89.248.165.109,192.168.10.5,202305251051,3,1,4,0,19104,1,0.239184,0.004468,44,40,-10000,-10000,44,44,1
190.217.48.35,192.168.10.5,202305251051,4,3,7,0,3389,1,0.320826,0.00099,83,40,0.227502,0.088337,59,40,1
83.48.70.199,192.168.10.5,202305251051,4,3,7,0,3389,1,0.34322,0.003574,83,40,0.314729,0.03433,59,40,1
114.132.218.137,192.168.10.5,202305251051,5,5,10,0,5900,1,0.224,1e-06,64,52,0.222933,0.001374,64,52,1
114.132.71.92,192.168.10.5,202305251051,6,6,12,0,5900,1,1.000344,1e-06,64,52,1.000344,0.001476,64,52,1
114.132.156.71,192.168.10.5,202305251051,6,7,13,0,5900,1,0.837362,0.0,64,52,0.625333,0.00129,64,52,1
106.53.74.140,192.168.10.5,202305251051,5,7,12,0,5900,1,0.873101,1e-06,64,52,0.660339,0.0,64,52,1
125.191.210.226,192.168.10.5,202305251049,12,59,71,0,80,2,84.595643,0.054919,52,52,52.925855,0.0,52,44,1
94.201.93.94,192.168.10.5,202305251051,8,6,14,0,3389,1,16.736838,0.001178,83,40,16.897737,0.045725,59,40,1
162.216.149.93,192.168.10.5,202305251051,7,6,13,0,11290,1,56.927686,0.0,84,40,57.097901,0.0,60,44,1
54.39.186.162,192.168.10.5,202305251052,4,3,7,0,3389,1,0.213285,0.0,83,40,0.172983,0.038115,59,40,1
68.183.89.98,192.168.10.5,202305251052,5,4,9,0,10422,1,1.124962,0.000296,60,52,1.122469,0.0,60,52,1
107.170.243.4,192.168.10.5,202305251052,6,4,10,0,9200,1,0.119759,0.0,194,52,0.131918,0.005112,630,52,1
198.23.196.71,192.168.10.5,202305251052,12,11,23,0,22,1,1.233289,0.000324,1220,52,0.974033,0.001356,699,52,1
94.102.61.46,192.168.10.5,202305251051,7,11,18,0,2347,1,85.411019,0.0,259,44,53.618727,1e-06,60,44,1
83.48.125.216,192.168.10.5,202305251052,4,3,7,0,3389,1,0.382168,0.000283,83,40,0.297988,0.081402,59,40,1
47.90.251.162,192.168.10.5,202305251051,160,161,321,0,27000,1,10.747983,0.0,275,40,10.748459,0.0,60,44,1
152.89.198.103,192.168.10.5,202305251052,3,1,4,0,49117,1,0.281794,0.00093,44,40,-10000,-10000,44,44,1
58.211.207.70,192.168.10.5,202305251052,5,5,10,0,5900,1,0.206739,0.0,64,52,0.207792,0.001073,64,52,1
182.61.47.229,192.168.10.5,202305251052,5,5,10,0,5900,1,0.222464,0.000299,64,52,0.221289,0.001199,64,52,1
185.81.68.110,192.168.10.5,202305251053,3,1,4,0,49118,1,0.272342,0.001054,44,40,-10000,-10000,44,44,1
45.118.139.94,192.168.10.5,202305251053,4,3,7,0,3389,1,0.212117,0.000392,83,40,0.125426,0.084734,59,40,1
94.102.49.43,192.168.10.5,202305251053,3,1,4,0,48907,1,0.255882,0.0,44,40,-10000,-10000,44,44,1
185.122.204.71,192.168.10.5,202305251053,3,1,4,0,49120,1,0.278253,0.004725,44,40,-10000,-10000,44,44,1
115.165.214.109,192.168.10.5,202305251053,2,1,3,0,23,1,0.277348,0.277348,44,40,-10000,-10000,44,44,1
111.90.33.178,192.168.10.5,202305251053,7,6,13,0,3389,1,1.172517,0.000618,83,40,1.199658,0.029894,59,40,1
45.86.190.21,192.168.10.5,202305251053,5,5,10,0,5900,1,0.263627,0.016675,64,52,0.262933,0.000694,64,52,1
47.90.253.214,192.168.10.5,202305251053,10,9,19,0,27010,1,1.17953,0.001009,96,52,1.178662,0.0,60,52,1
45.95.147.229,192.168.10.5,202305251053,8,6,14,0,23,1,30.260268,0.130189,60,40,30.530714,0.001189,64,44,1
120.246.107.20,192.168.10.5,202305251053,3,1,4,0,5622,1,0.102179,0.003214,44,40,-10000,-10000,44,44,1
128.116.75.63,192.168.10.5,202305251052,16,46,62,0,80,2,32.619238,0.03638,52,40,16.239856,0.024576,52,52,1
83.48.70.199,192.168.10.5,202305251052,12,9,21,0,3389,1,52.902238,0.0,83,40,53.207999,0.043254,59,40,1
110.172.141.68,192.168.10.5,202305251052,34,28,62,0,445,1,30.002918,0.0,738,40,30.003508,0.0,221,40,1
103.162.36.21,192.168.10.5,202305251054,4,3,7,0,3389,1,0.132594,0.000915,83,40,0.095087,0.035104,59,40,1
47.252.10.101,192.168.10.5,202305251051,178,110,288,0,27017,1,10.03533,0.0,569,40,10.202011,0.0,253,44,1
35.203.210.151,192.168.10.5,202305251054,4,4,8,0,2004,1,1.233897,0.000264,44,44,1.274204,0.0,44,40,1
198.23.196.71,192.168.10.5,202305251054,1,2,3,0,22,1,-10000,-10000,52,52,0.176777,0.176777,52,52,1
218.22.52.196,192.168.10.5,202305251054,12,13,25,0,22,1,1.231773,0.0,1048,40,0.975227,0.000119,664,40,1
125.212.243.141,192.168.10.5,202305251054,4,3,7,0,3389,1,0.123307,0.000587,83,40,0.102683,0.018475,59,40,1
81.30.158.191,192.168.10.5,202305251054,5,5,10,0,5900,1,0.883804,0.0,64,52,0.884477,0.001401,64,52,1
64.185.227.155,192.168.10.5,202305251054,11,12,23,0,60640,1,0.178452,0.0,2628,52,0.176234,1e-06,575,40,1
54.39.186.162,192.168.10.5,202305251054,4,3,7,0,3389,1,0.249054,0.001144,83,40,0.17531,0.073793,59,40,1
179.43.163.132,192.168.10.5,202305251054,2,1,3,0,4719,1,0.259182,0.259182,44,40,-10000,-10000,44,44,1
94.102.61.46,192.168.10.5,202305251054,7,11,18,0,2344,1,20.584645,0.0,259,44,9.560085,0.0,60,44,1
128.116.82.92,192.168.10.5,202305251053,11,53,64,0,80,2,35.509759,0.075029,52,52,16.240116,0.0,52,44,1
162.243.148.22,192.168.10.5,202305251053,6,11,17,0,8086,1,68.026615,0.0,76,44,36.418906,0.0,60,44,1
162.142.125.132,192.168.10.5,202305251054,2,1,3,0,21,1,0.14335,0.14335,44,40,-10000,-10000,44,44,1
162.142.125.215,192.168.10.5,202305251054,9,6,15,0,21,1,0.169204,0.0,62,52,0.174221,0.000698,90,52,1
162.142.125.160,192.168.10.5,202305251054,2,1,3,0,21,1,0.144161,0.144161,60,40,-10000,-10000,60,60,1
36.138.197.31,192.168.10.5,202305251054,5,5,10,0,5900,1,0.078056,0.0,64,52,0.077653,0.000404,64,52,1
94.102.61.6,192.168.10.5,202305251054,7,11,18,0,12408,1,38.058481,0.0,260,44,16.23987,0.0,60,44,1
91.240.118.224,192.168.10.5,202305251055,3,1,4,0,8523,1,0.285983,0.002105,44,40,-10000,-10000,44,44,1
83.48.70.199,192.168.10.5,202305251055,4,3,7,0,3389,1,0.337208,1e-06,83,40,0.312177,0.023314,59,40,1
139.99.134.153,192.168.10.5,202305251055,5,5,10,0,5900,1,0.144221,0.000545,64,52,0.144762,0.00145,64,52,1
36.134.102.251,192.168.10.5,202305251056,6,8,14,0,5900,1,1.002139,1e-06,64,52,1.002039,0.000698,64,52,1
176.113.115.104,192.168.10.5,202305251056,3,1,4,0,49119,1,0.281244,0.003208,44,40,-10000,-10000,44,44,1
94.201.93.94,192.168.10.5,202305251055,8,6,14,0,3389,1,58.661368,0.0,83,40,58.822757,0.030642,59,40,1
83.48.70.199,192.168.10.5,202305251056,8,6,14,0,3389,1,5.489968,0.0,83,40,5.808315,0.061896,59,40,1
106.15.109.79,192.168.10.5,202305251056,5,3,8,0,6379,1,0.16618,0.000297,66,40,0.166978,0.000899,60,40,1
216.218.206.95,192.168.10.5,202305251056,1,1,2,0,808,1,-10000,-10000,44,44,-10000,-10000,40,40,1
194.26.29.37,192.168.10.5,202305251056,3,1,4,0,9623,1,0.291983,0.022358,44,40,-10000,-10000,44,44,1
118.89.56.206,192.168.10.5,202305251056,5,5,10,0,5900,1,0.206418,1e-06,64,52,0.205777,0.000642,64,52,1
94.102.49.43,192.168.10.5,202305251056,6,2,8,0,49631,2,20.172432,0.002378,44,40,20.426696,20.426696,44,44,1
106.55.7.207,192.168.10.5,202305251057,5,5,10,0,5900,1,0.221444,0.002546,64,52,0.220101,0.001343,64,52,1
119.23.228.24,192.168.10.5,202305251057,5,7,12,0,5900,1,0.880878,0.0,64,52,0.664887,0.000942,64,52,1
111.90.33.178,192.168.10.5,202305251057,9,8,17,0,3389,1,1.071474,1e-06,83,40,1.034589,0.022655,59,40,1
185.81.68.110,192.168.10.5,202305251057,3,1,4,0,49121,1,0.296379,0.003264,44,40,-10000,-10000,44,44,1
152.89.198.103,192.168.10.5,202305251057,3,1,4,0,49122,1,0.283284,0.003257,44,40,-10000,-10000,44,44,1
54.39.186.162,192.168.10.5,202305251057,4,3,7,0,3389,1,0.262144,0.0,83,40,0.176045,0.085405,59,40,1
124.223.73.187,192.168.10.5,202305251057,5,5,10,0,5900,1,0.178414,1e-06,64,52,0.178206,0.001189,64,52,1
106.14.106.97,192.168.10.5,202305251057,5,5,10,0,5900,1,0.183805,0.0,64,52,0.184905,0.001043,64,52,1
110.40.208.171,192.168.10.5,202305251057,6,6,12,0,5900,1,1.000592,1e-06,64,52,1.00054,0.001317,64,52,1
83.48.70.199,192.168.10.5,202305251057,4,3,7,0,3389,1,0.387255,1e-06,83,40,0.305876,0.079519,59,40,1
128.116.82.92,192.168.10.5,202305251056,19,42,61,0,80,2,17.357601,0.001196,52,40,10.057341,0.0,52,52,1
24.158.248.107,192.168.10.5,202305251057,2,1,3,0,23,1,0.161746,0.161746,44,40,-10000,-10000,44,44,1
123.173.91.74,192.168.10.5,202305251057,31,28,59,0,23,1,15.829422,0.000655,125,40,8.248545,0.0,1023,44,1
190.217.48.35,192.168.10.5,202305251058,4,3,7,0,3389,1,0.300262,1e-06,83,40,0.232079,0.06484,59,40,1
182.151.29.95,192.168.10.5,202305251058,5,5,10,0,5900,1,0.239811,0.0,64,52,0.238493,0.001319,64,52,1
101.89.216.223,192.168.10.5,202305251058,5,6,11,0,5900,1,0.755441,1e-06,64,52,0.576547,0.001119,64,52,1
35.203.211.219,192.168.10.5,202305251058,4,4,8,0,33060,1,1.529996,0.0,44,44,1.299032,0.0,44,40,1
162.216.150.171,192.168.10.5,202305251057,8,6,14,0,48396,1,52.547395,0.0,259,40,52.715454,1e-06,60,44,1
94.201.93.94,192.168.10.5,202305251058,4,3,7,0,3389,1,0.193908,0.000413,83,40,0.156497,0.037617,59,40,1
14.224.149.47,192.168.10.5,202305251058,20,15,35,0,3389,1,0.119167,0.0,83,40,0.095758,0.0,59,40,1
81.30.158.191,192.168.10.5,202305251058,5,5,10,0,5900,1,0.256196,0.000648,64,52,0.254699,0.001299,64,52,1
35.203.210.36,192.168.10.5,202305251057,8,6,14,0,14539,1,52.984644,1e-06,259,40,53.208394,1e-06,60,44,1
124.156.47.36,192.168.10.5,202305251058,5,5,10,0,5900,1,0.163531,0.0,64,52,0.162842,0.002237,64,52,1
101.43.111.184,192.168.10.5,202305251058,5,6,11,0,5900,1,0.776309,0.0,64,52,0.593799,0.000992,64,52,1
